$METADATA
$Version 2.3
$Project; FerryBox
$Device; 741601
$DateTime; 2025.05.08 07:25:01
$Filename; C:\Working\2025-05-08_07.24.29_Skagen_to__741601.txt
$Watertimedelay; 00:00:00
$TrackStart: Unknown
$TrackEnd: Unknown
$FORMATS
$1; DateTime; YYYY.MM.DD hh:mm:ss
$2; Measdata; Float


$DATASETS
Units		°	°	°	Nm	°C	S/m	psu	m/s	°C	mg/l	%	°C	pH	µg/l	NTU	mbar	l/min	l/min	ppb	ppb
Date	Time	Latitude	Longitude	Course	Speed	Temp_SBE45	Cond_SBE45	Salinity_SBE45	SoundVel_SBE45	Temp_in_SBE38	Oxygen	Saturation	Temperature_Optode	pH	Chlorophyll	Turbidity	pressure	flow_main	flow_SBE45	Phycocyanin	CDOM
2025.05.08	07:25:00	57.713260	10.611424	79.933661	10.250000	19.064853	1.272401	9.314262	1490.002845	10.806521	9.289984	105.411000	21.539600	4.930114	0.065450	3.823779	154.225955	2.891215	1.019844	1.572083	-0.013333
2025.05.08	07:26:00	57.713796	10.617191	79.563275	11.000000	12.327105	3.535214	30.238640	1492.243621	11.125649	9.226715	95.147667	16.874333	8.838098	0.290905	3.578834	199.767172	8.581661	3.023265	0.633500	-0.012292
2025.05.08	07:27:00	57.714330	10.623201	80.924812	11.000000	11.435147	3.435988	30.008845	1488.896190	11.145380	10.272869	98.610500	13.495000	8.948782	0.276958	3.614914	199.492347	8.600821	3.078278	0.548333	-0.012500
2025.05.08	07:28:00	57.714776	10.629281	81.852500	11.000000	11.406810	3.400082	29.684083	1488.407483	10.989209	10.545325	99.326200	12.640800	8.976655	0.212193	3.528770	200.522942	8.617876	3.094214	0.539000	-0.015625
2025.05.08	07:29:00	57.715236	10.635360	81.195489	11.000000	11.322159	3.366126	29.422907	1487.795931	10.650379	10.692837	99.836000	12.252000	8.991906	0.208322	3.508276	200.292443	8.639583	3.098994	0.539000	-0.014792
2025.05.08	07:30:00	57.715683	10.641510	82.517588	11.000000	11.087910	3.325862	29.218812	1486.721655	10.799074	10.756795	99.827333	11.985333	9.002357	0.206975	3.561975	199.807066	8.649662	3.106166	0.551250	-0.017708
2025.05.08	07:31:00	57.716038	10.647664	83.452261	11.511335	10.905447	3.314551	29.253482	1486.113877	10.984848	10.848154	99.882600	11.639600	9.012281	0.195848	3.523207	199.753874	8.631720	3.109054	0.570500	-0.014583
2025.05.08	07:32:00	57.716383	10.653872	83.638889	12.000000	11.105307	3.258365	28.549300	1485.979724	10.800372	10.858693	99.812000	11.566167	9.017264	0.206692	3.494861	199.485698	8.607687	3.109220	0.566417	-0.013958
2025.05.08	07:33:00	57.716734	10.660112	83.259446	12.000000	11.070402	3.252740	28.521707	1485.822310	10.804472	10.883635	100.124000	11.602200	9.028126	0.213340	3.444159	200.190492	8.615218	3.107228	0.589167	-0.017500
2025.05.08	07:34:00	57.717163	10.666357	81.803526	12.000000	10.983829	3.260441	28.663805	1485.684448	10.827642	10.983349	100.784833	11.491500	9.038003	0.235025	3.428614	198.512728	8.614775	3.108025	0.617750	-0.015000
2025.05.08	07:35:00	57.717625	10.672602	81.646465	12.000000	11.011698	3.249127	28.532153	1485.625690	10.773620	11.031365	101.070000	11.424833	9.042833	0.240294	3.363940	198.355368	8.605694	3.108423	0.588000	-0.018333
2025.05.08	07:36:00	57.718087	10.678856	81.792929	12.000000	10.978295	3.232129	28.392803	1485.338966	10.750810	11.051104	101.165200	11.388000	9.045562	0.229642	3.310875	198.519377	8.598606	3.100090	0.598500	-0.015833
2025.05.08	07:37:00	57.718560	10.685105	81.143577	12.000000	10.939777	3.246205	28.559572	1485.401912	10.616684	11.083355	101.284500	11.312500	9.050234	0.238717	3.260592	198.346503	8.618873	3.093018	0.600833	-0.013750
2025.05.08	07:38:00	57.719028	10.691353	81.645729	12.000000	10.865809	3.235873	28.516359	1485.085293	10.742959	11.087643	101.226000	11.270667	9.052163	0.241542	3.198343	197.805717	8.584984	3.096637	0.589750	-0.014375
2025.05.08	07:39:00	57.719497	10.697592	81.572152	12.000000	10.841257	3.228917	28.467743	1484.938914	10.835724	11.125683	101.351400	11.176000	9.053946	0.236996	3.131187	198.271147	8.577563	3.103642	0.592667	-0.019583
2025.05.08	07:40:00	57.719964	10.703828	81.368687	12.000000	10.948281	3.215262	28.251955	1485.062483	10.893287	11.134208	101.509833	11.210500	9.053489	0.240692	3.084654	198.672304	8.598163	3.102912	0.594417	-0.015417
2025.05.08	07:41:00	57.720435	10.710057	81.583333	12.000000	11.013098	3.227966	28.325534	1485.382448	10.934075	11.158805	101.853833	11.261000	9.053495	0.247433	3.038685	199.434722	8.623303	3.101352	0.601417	-0.021458
2025.05.08	07:42:00	57.720909	10.716277	81.123737	12.000000	11.064378	3.195785	27.974328	1485.143534	10.977010	11.129638	101.687200	11.304000	9.051482	0.253198	3.014957	198.344286	8.585205	3.092222	0.587417	-0.015833
2025.05.08	07:43:00	57.721380	10.722484	81.547980	12.000000	11.101037	3.202780	28.014144	1485.322105	11.015368	11.130320	101.749500	11.327667	9.051500	0.257125	2.969229	198.541540	8.591518	3.090960	0.593833	-0.015833
2025.05.08	07:44:00	57.722012	10.728613	74.007576	12.000000	11.135614	3.177761	27.746259	1485.123914	11.042719	11.094733	101.490600	11.356200	9.049204	0.248180	2.861545	203.251248	8.592515	3.099692	0.573417	-0.017083
2025.05.08	07:45:00	57.723565	10.734028	48.722922	12.000000	11.179336	3.181474	27.749112	1485.283034	11.113930	11.031872	101.007167	11.395500	9.048885	0.240125	2.789004	205.188324	8.595616	3.091890	0.597917	-0.017083
2025.05.08	07:46:00	57.726081	10.738269	39.850633	12.000000	11.224478	3.192426	27.820736	1485.529500	10.996084	11.063845	101.369500	11.425667	9.048866	0.249040	2.826998	197.267148	8.591961	3.104306	0.603167	-0.016042
2025.05.08	07:47:00	57.728668	10.742479	41.979849	12.000000	11.208860	3.196496	27.871698	1485.535103	11.091267	11.063565	101.427200	11.451200	9.049611	0.247775	2.790161	196.207741	8.570475	3.096040	0.581000	-0.015417
2025.05.08	07:48:00	57.731154	10.746915	43.368687	12.000000	11.183031	3.144704	27.392329	1484.868397	11.180090	11.032677	101.061667	11.415833	9.047852	0.247319	2.732140	197.453320	8.586756	3.095807	0.624750	-0.017708
2025.05.08	07:49:00	57.733637	10.751345	43.075567	12.000000	11.278264	3.139086	27.267531	1485.057810	11.286596	10.968000	100.541333	11.447000	9.045603	0.230917	2.659693	197.311475	8.578117	3.096372	0.611333	-0.017292
2025.05.08	07:50:00	57.736115	10.755746	42.843434	12.000000	11.367763	3.149764	27.303867	1485.419246	11.343310	10.972474	100.742600	11.516400	9.044788	0.232695	2.631427	197.207307	8.578671	3.092454	0.606083	-0.013333
2025.05.08	07:51:00	57.738589	10.760101	42.572864	12.000000	11.444466	3.163512	27.378845	1485.780828	11.250706	10.977483	100.959333	11.590333	9.043764	0.235308	2.591711	197.610680	8.591297	3.083291	0.634083	-0.019167
2025.05.08	07:52:00	57.741081	10.764426	42.707071	12.000000	11.440203	3.166610	27.411655	1485.805034	11.225922	10.943115	100.768500	11.644500	9.043127	0.231261	2.533934	197.032217	8.579446	3.080436	0.624750	-0.017083
2025.05.08	07:53:00	57.743552	10.768783	42.804020	12.000000	11.390852	3.168856	27.469712	1485.699621	11.170357	10.939475	100.670400	11.616400	9.043382	0.226817	2.504657	197.517594	8.558071	3.093749	0.611917	-0.015833
2025.05.08	07:54:00	57.746013	10.773126	42.881612	12.000000	11.365578	3.174236	27.540126	1485.694310	11.042248	10.910475	100.345000	11.590833	9.043509	0.221425	2.438100	197.650574	8.575570	3.087242	0.615417	-0.018750
2025.05.08	07:55:00	57.748454	10.777463	43.141058	12.000000	11.273584	3.192099	27.780598	1485.655897	10.921080	10.912390	100.272200	11.551800	9.045819	0.232122	2.396624	198.191359	8.576677	3.104638	0.621833	-0.013958
2025.05.08	07:56:00	57.750881	10.781799	43.105793	12.000000	11.159675	3.195719	27.901395	1485.395702	10.822766	10.939136	100.290333	11.452833	9.049178	0.236725	2.307343	198.705549	8.582547	3.090562	0.605500	-0.018958
2025.05.08	07:57:00	57.753318	10.786101	43.000000	12.000000	11.070916	3.184333	27.858538	1485.027862	10.954167	10.950379	100.193500	11.366167	9.049931	0.241584	2.194905	197.635060	8.555856	3.090827	0.600833	-0.018125
2025.05.08	07:58:00	57.755787	10.790441	42.605528	12.000000	11.023083	3.176013	27.814178	1484.803810	10.985323	10.914118	99.681400	11.288000	9.049045	0.227942	2.259321	196.781771	8.551759	3.087109	0.592667	-0.015833
2025.05.08	07:59:00	57.758201	10.794915	45.364322	12.000000	11.154909	3.213367	28.075471	1485.587517	10.737364	10.924683	99.856500	11.322000	9.051913	0.223806	2.208665	197.196226	8.552755	3.085814	0.590917	-0.017917
2025.05.08	08:00:00	57.760584	10.799488	45.222222	12.000000	11.021353	3.218688	28.229133	1485.295948	10.744379	11.045323	100.939333	11.313333	9.056030	0.278658	2.256139	196.480350	8.517980	3.073696	0.643417	-0.014583
2025.05.08	08:01:00	57.762953	10.804079	45.708861	12.000000	10.921057	3.214097	28.261593	1484.976707	10.792630	11.058477	100.806200	11.204400	9.058544	0.323881	2.274246	197.770256	8.542123	3.090230	0.614833	-0.018333
2025.05.08	08:02:00	57.765317	10.808682	45.809045	12.000000	10.935846	3.205032	28.162135	1484.910035	10.781728	11.072832	100.840167	11.163333	9.058487	0.318750	2.268579	197.375749	8.553752	3.084220	0.615417	-0.018333
2025.05.08	08:03:00	57.767680	10.813290	45.893939	12.000000	10.943884	3.217975	28.281741	1485.082569	10.820884	11.086848	100.970000	11.164000	9.059552	0.299794	2.210714	197.550839	8.518644	3.085947	0.616000	-0.015417
2025.05.08	08:04:00	57.770047	10.817902	45.751256	12.000000	10.955869	3.230226	28.391598	1485.257448	10.836949	11.080781	100.918000	11.165400	9.060920	0.300050	2.208986	197.617329	8.525289	3.082096	0.624167	-0.014167
2025.05.08	08:05:00	57.772400	10.822541	46.037688	12.000000	10.973734	3.234732	28.421622	1485.357345	10.867148	11.084304	100.974000	11.175833	9.060943	0.300941	2.166799	197.302610	8.536918	3.080801	0.622417	-0.018958
2025.05.08	08:06:00	57.774749	10.827201	46.230380	12.000000	11.003998	3.247982	28.526945	1485.591966	10.874607	11.077632	100.963800	11.197400	9.062107	0.301514	2.150696	197.466618	8.511889	3.081664	0.649250	-0.015417
2025.05.08	08:07:00	57.777080	10.831859	46.345960	12.000000	11.019567	3.253734	28.570772	1485.700069	10.882368	11.081616	101.045667	11.216833	9.062256	0.296508	2.112943	197.156332	8.530052	3.076584	0.657417	-0.015208
2025.05.08	08:08:00	57.779416	10.836505	46.058081	12.000000	11.027404	3.255717	28.583942	1485.743860	10.872678	11.080235	101.064667	11.230500	9.062138	0.283449	2.088922	196.850478	8.506683	3.073032	0.643417	-0.016875
2025.05.08	08:09:00	57.781744	10.841162	46.594937	12.000000	11.032107	3.264879	28.669314	1485.863259	10.871871	11.084698	101.096600	11.226800	9.062611	0.278092	2.069261	197.772472	8.513550	3.077680	0.632917	-0.015417
2025.05.08	08:10:00	57.783930	10.846026	56.965000	11.927500	11.024412	3.267868	28.704366	1485.877845	10.948271	11.077893	101.054333	11.235167	9.063122	0.280869	2.091557	188.634530	8.511667	3.078244	0.644583	-0.016458
2025.05.08	08:11:00	57.784770	10.851896	86.070707	11.000000	11.055997	3.280915	28.806497	1486.113069	10.885694	11.071248	101.015667	11.244667	9.062325	0.275258	2.038596	194.060114	8.520970	3.081000	0.654500	-0.014792
2025.05.08	08:12:00	57.784872	10.858094	87.851759	11.188442	11.067519	3.272358	28.714352	1486.043397	10.862957	11.069926	101.075000	11.275400	9.061984	0.278001	2.000798	196.908102	8.493615	3.070044	0.638167	-0.017292
2025.05.08	08:13:00	57.784977	10.864303	87.439394	11.590909	11.032897	3.255732	28.579821	1485.758466	10.935122	11.079856	101.103333	11.248500	9.061909	0.269733	1.976689	197.043299	8.493615	3.074526	0.655667	-0.019792
2025.05.08	08:14:00	57.785091	10.870550	87.805556	12.000000	11.036116	3.251106	28.532377	1485.713018	10.969071	11.094096	101.198333	11.233500	9.061306	0.265958	1.962152	196.478134	8.480325	3.067454	0.624167	-0.016667
2025.05.08	08:15:00	57.785201	10.876782	87.668342	11.243719	11.100226	3.268801	28.654366	1486.087793	11.040138	11.092634	101.275600	11.272400	9.061632	0.275258	1.956150	196.764041	8.512110	3.069347	0.629417	-0.016875
2025.05.08	08:16:00	57.785306	10.882944	88.000000	11.000000	11.142850	3.244180	28.382860	1485.913431	11.025968	11.088725	101.315667	11.304667	9.058199	0.271693	1.922042	197.216173	8.518091	3.071173	0.606083	-0.015208
2025.05.08	08:17:00	57.785391	10.889089	88.125945	11.000000	11.160843	3.158676	27.543209	1484.970259	11.053068	11.028651	100.853167	11.342000	9.048932	0.255567	1.857214	196.972376	8.497713	3.069712	0.594417	-0.019375
2025.05.08	08:18:00	57.785466	10.895233	88.136364	11.000000	11.184733	3.119409	27.147476	1484.580948	11.140281	10.944077	100.127800	11.362800	9.045415	0.231118	1.788831	196.828314	8.484644	3.057362	0.599667	-0.016667
2025.05.08	08:19:00	57.785562	10.901343	87.614610	11.000000	11.235474	3.080244	26.734553	1484.267017	11.107819	10.909024	99.858333	11.385000	9.042840	0.215060	1.736718	196.608897	8.470690	3.068185	0.587417	-0.016875
2025.05.08	08:20:00	57.785917	10.907308	74.232911	11.000000	11.269030	3.033022	26.258479	1483.816579	11.069377	10.866534	99.577400	11.432400	9.040477	0.215192	1.668311	205.059776	8.495055	3.068915	0.579833	-0.016667
2025.05.08	08:21:00	57.787350	10.912669	56.583333	11.000000	11.238441	2.995562	25.922295	1483.304724	11.048112	10.821243	99.182333	11.441000	9.039269	0.210329	1.658548	200.722412	8.518755	3.073596	0.599083	-0.017500
2025.05.08	08:22:00	57.789314	10.917575	50.520202	11.000000	11.208231	2.999933	25.985314	1483.272172	11.050220	10.802992	98.950333	11.412667	9.041210	0.209525	1.620868	197.770256	8.487413	3.064267	0.599667	-0.020000
2025.05.08	08:23:00	57.791447	10.922260	48.525253	11.000000	11.200557	2.981561	25.815140	1483.040948	11.031921	10.826835	99.130800	11.396200	9.041992	0.221799	1.628393	196.662089	8.490625	3.072468	0.602583	-0.017500
2025.05.08	08:24:00	57.793650	10.926829	46.292929	11.000000	11.188267	3.004742	26.045326	1483.272690	10.974007	10.877499	99.580167	11.389500	9.046341	0.223833	1.620000	197.154115	8.525511	3.073098	0.611333	-0.020000
2025.05.08	08:25:00	57.795921	10.931313	45.797980	11.113636	11.160438	3.013123	26.145233	1483.292879	10.891181	10.905643	99.829000	11.385833	9.048593	0.225957	1.632492	196.298611	8.487634	3.070608	0.610750	-0.018125
2025.05.08	08:26:00	57.798212	10.935806	45.934343	11.373737	11.115543	3.015521	26.200052	1483.197810	10.980099	10.931558	99.971200	11.344600	9.050477	0.237008	1.640829	196.484783	8.494612	3.066458	0.635250	-0.015833
2025.05.08	08:27:00	57.800510	10.940316	45.916667	11.689394	11.082263	2.997578	26.051667	1482.900544	10.889019	10.932128	99.877000	11.301500	9.048699	0.273270	1.643617	196.422725	8.465485	3.066691	0.635250	-0.019167
2025.05.08	08:28:00	57.802803	10.944816	45.111111	11.333333	11.094990	2.986455	25.936005	1482.807534	10.881728	10.915216	99.726833	11.303333	9.047283	0.269167	1.601486	197.151899	8.511778	3.063603	0.642250	-0.018333
2025.05.08	08:29:00	57.805188	10.949157	43.404040	11.585859	11.045310	2.983607	25.943707	1482.638448	10.912574	10.918662	99.678200	11.268400	9.048913	0.253771	1.589747	195.600466	8.459504	3.057461	0.631750	-0.018750
2025.05.08	08:30:00	57.807568	10.953497	43.732323	11.290404	11.057707	3.003476	26.125567	1482.901121	10.913440	10.927397	99.729500	11.256000	9.051902	0.249617	1.587600	196.892588	8.479771	3.067023	0.639917	-0.014583
2025.05.08	08:31:00	57.809947	10.957843	43.969773	11.025189	11.052272	3.004828	26.142397	1482.901810	10.910736	10.931405	99.781400	11.262600	9.051772	0.254775	1.580086	196.522460	8.495055	3.064566	0.634083	-0.017708
2025.05.08	08:32:00	57.812307	10.962203	44.141414	11.000000	11.065638	3.022508	26.302645	1483.141966	10.950539	10.917509	99.658167	11.264167	9.054204	0.253484	1.562519	197.165197	8.482429	3.066259	0.645167	-0.016042
2025.05.08	08:33:00	57.814714	10.966423	41.522727	11.000000	11.070661	3.029746	26.368567	1483.238982	11.242948	10.912571	99.613833	11.264833	9.054706	0.250608	1.564746	196.996756	8.490735	3.062541	0.635833	-0.017500
2025.05.08	08:34:00	57.817146	10.970573	42.053165	11.000000	11.215898	3.059697	26.551481	1483.977448	11.071184	10.914752	99.736800	11.309400	9.055492	0.249183	1.550223	196.602248	8.451309	3.058822	0.628250	-0.016875
2025.05.08	08:35:00	57.819550	10.974749	42.420655	11.000000	11.297445	3.082976	26.715769	1484.465293	10.979467	10.919637	100.099333	11.447667	9.055497	0.257833	1.560696	196.959078	8.476449	3.063470	0.631750	-0.014583
2025.05.08	08:36:00	57.821951	10.978934	42.625316	11.000000	11.191200	3.082248	26.785760	1484.170414	10.952154	10.929883	100.121167	11.416500	9.055973	0.267392	1.571302	197.333638	8.492064	3.068948	0.644000	-0.016667
2025.05.08	08:37:00	57.824360	10.983112	42.055556	11.000000	11.124545	3.077660	26.790102	1483.937552	10.995403	10.926029	99.949200	11.356800	9.054158	0.261517	1.533504	197.406777	8.476227	3.064898	0.646333	-0.019167
2025.05.08	08:38:00	57.826773	10.987212	41.446970	11.000000	11.121729	3.093517	26.944659	1484.112759	11.123460	10.915776	99.794833	11.330667	9.054084	0.255205	1.488155	197.067678	8.472462	3.063371	0.627667	-0.016458
2025.05.08	08:39:00	57.829191	10.991214	40.916877	11.000000	11.208205	3.164404	27.562919	1485.162456	11.058497	10.897419	99.691167	11.358500	9.057292	0.240550	1.466100	196.544624	8.441784	3.056930	0.612500	-0.019167
2025.05.08	08:40:00	57.831593	10.995211	41.030380	11.000000	11.232802	3.212892	28.011674	1485.788034	11.015112	10.922842	100.050400	11.413600	9.061735	0.266531	1.465905	197.537541	8.481432	3.064300	0.635833	-0.019167
2025.05.08	08:41:00	57.833994	10.999179	41.131313	11.000000	11.201545	3.218233	28.086971	1485.767293	10.987477	10.931589	100.120167	11.409000	9.062164	0.301467	1.501971	197.754742	8.506905	3.067023	0.641083	-0.020208
2025.05.08	08:42:00	57.836385	11.003145	40.969697	11.000000	11.158638	3.224298	28.178284	1485.724172	10.993744	10.940557	100.137400	11.380800	9.063404	0.299937	1.502794	197.207307	8.499485	3.075356	0.631167	-0.016042
2025.05.08	08:43:00	57.838770	11.007119	41.012626	11.000000	11.158181	3.226785	28.202681	1485.751862	10.892401	10.934373	100.063500	11.373333	9.063740	0.318433	1.499281	197.406777	8.488520	3.063670	0.656833	-0.016250
2025.05.08	08:44:00	57.841156	11.011073	40.833333	11.000000	11.109672	3.235120	28.320538	1485.720672	10.810903	10.934288	100.010667	11.350833	9.064354	0.331925	1.488375	197.169630	8.478885	3.062474	0.658583	-0.017500
2025.05.08	08:45:00	57.843536	11.015014	40.626263	11.000000	11.029847	3.219098	28.226560	1485.323263	10.882200	10.915693	99.733000	11.304200	9.064747	0.314992	1.472053	197.619545	8.490625	3.073796	0.638750	-0.017292
2025.05.08	08:46:00	57.845927	11.018916	40.477273	11.000000	11.002079	3.215929	28.217117	1485.212810	10.965876	10.902133	99.474833	11.245333	9.065320	0.264775	1.437750	198.089408	8.517648	3.082859	0.630000	-0.015833
2025.05.08	08:47:00	57.848332	11.022794	39.780303	11.000000	11.064709	3.239533	28.397934	1485.653345	10.976229	10.918565	99.639167	11.251667	9.065249	0.255492	1.431065	197.561921	8.510117	3.089898	0.687167	-0.015625
2025.05.08	08:48:00	57.850763	11.026650	39.982323	11.000000	11.142531	3.274997	28.681522	1486.270828	10.928967	10.926554	99.859400	11.315800	9.064805	0.265200	1.396961	195.753393	8.450201	3.077116	0.679583	-0.018958
2025.05.08	08:49:00	57.853199	11.030521	39.345960	11.000000	11.094879	3.305650	29.016391	1486.503483	10.921104	10.931333	99.917000	11.322000	9.064697	0.271836	1.387149	196.400562	8.465263	3.079074	0.656250	-0.017083
2025.05.08	08:50:00	57.855676	11.034377	39.101010	11.000000	11.091007	3.319524	29.154353	1486.655466	10.893541	10.933339	99.906500	11.309500	9.064937	0.251883	1.347204	196.265366	8.497159	3.088072	0.671417	-0.018542
2025.05.08	08:51:00	57.858163	11.038259	39.047739	11.000000	11.062472	3.334365	29.321471	1486.754828	10.895455	10.943002	99.959600	11.294200	9.066103	0.274417	1.358165	196.781771	8.504136	3.084984	0.691250	-0.013750
2025.05.08	08:52:00	57.860656	11.042145	39.083544	11.000000	11.053686	3.339974	29.383119	1486.797667	10.893209	10.950715	99.975000	11.270333	9.066664	0.306283	1.383364	195.527327	8.460168	3.074061	0.681917	-0.017917
2025.05.08	08:53:00	57.863158	11.046049	39.165829	11.000000	11.050990	3.345128	29.435526	1486.851138	10.891737	10.954163	99.998200	11.266800	9.066459	0.325601	1.374267	196.424942	8.482429	3.081365	0.664417	-0.017083
2025.05.08	08:54:00	57.865670	11.049951	39.065327	11.000000	11.046248	3.349053	29.477579	1486.884724	10.895832	10.952805	99.970500	11.260000	9.066455	0.326825	1.378736	197.415643	8.532710	3.096073	0.662667	-0.015833
2025.05.08	08:55:00	57.868183	11.053862	39.244332	11.000000	11.048602	3.353271	29.516824	1486.940293	10.861857	10.947685	99.927833	11.261667	9.065600	0.318002	1.371633	197.309259	8.500592	3.085084	0.665000	-0.016250
2025.05.08	08:56:00	57.870755	11.057647	36.420398	11.000000	11.038455	3.353866	29.530778	1486.921000	10.848443	10.949030	99.920800	11.253400	9.065765	0.313845	1.356701	197.420075	8.511999	3.085316	0.638167	-0.016667
2025.05.08	08:57:00	57.873368	11.061334	36.539043	11.000000	11.012579	3.351964	29.533016	1486.831737	10.846788	10.952176	99.912333	11.237333	9.066415	0.302600	1.363404	196.631061	8.477999	3.077813	0.635250	-0.014583
2025.05.08	08:58:00	57.875977	11.065054	37.590571	11.000000	11.006369	3.354720	29.564903	1486.848000	10.855128	10.953461	99.881333	11.218833	9.065502	0.296353	1.354652	195.152766	8.469471	3.078576	0.634083	-0.016667
2025.05.08	08:59:00	57.878484	11.069042	40.982673	11.000000	11.008645	3.358531	29.600290	1486.898655	10.823830	10.947110	99.835000	11.223800	9.064670	0.286875	1.323482	196.699767	8.487413	3.081564	0.613667	-0.019375
2025.05.08	09:00:00	57.880956	11.073115	40.847291	11.000000	10.992921	3.355121	29.579647	1486.817912	10.839569	10.948928	99.814333	11.207667	9.065444	0.287034	1.326546	196.863776	8.512332	3.092421	0.639333	-0.018125
2025.05.08	09:01:00	57.883418	11.077156	40.808252	11.000000	10.987486	3.352455	29.557972	1486.772586	10.864896	10.954683	99.820833	11.187833	9.065729	0.274125	1.326375	196.981241	8.479661	3.086212	0.620083	-0.018958
2025.05.08	09:02:00	57.885910	11.081216	40.376214	11.000000	11.001278	3.355834	29.579879	1486.847897	10.871412	10.950771	99.813400	11.200000	9.065086	0.273270	1.322447	196.081410	8.472019	3.080004	0.608417	-0.016875
2025.05.08	09:03:00	57.888391	11.085296	40.935252	11.000000	11.017811	3.361007	29.617405	1486.951966	10.939260	10.951221	99.837167	11.208333	9.064471	0.263500	1.328979	196.617763	8.484312	3.088669	0.609583	-0.016667
2025.05.08	09:04:00	57.890789	11.089283	41.000000	10.457831	11.040984	3.366799	29.655279	1487.080877	11.012217	10.949184	99.845000	11.219800	9.064082	0.262087	1.310736	196.311909	8.491843	3.081066	0.618917	-0.015417
2025.05.08	09:05:00	57.892965	11.092901	41.045894	10.000000	11.115157	3.377608	29.700538	1487.397172	11.026062	10.946085	99.928667	11.268333	9.062891	0.263783	1.305836	196.116871	8.461608	3.071106	0.641667	-0.016875
2025.05.08	09:06:00	57.894946	11.096434	46.866667	9.040476	11.155891	3.384412	29.733950	1487.581603	11.062003	10.940907	100.004333	11.321833	9.062350	0.264237	1.318055	192.971894	8.468475	3.078410	0.621833	-0.015833
2025.05.08	09:07:00	57.896612	11.100193	50.388095	9.000000	11.179362	3.387029	29.740490	1487.672638	11.101571	10.938387	100.042400	11.348400	9.061470	0.265058	1.298025	194.999839	8.457400	3.072634	0.666750	-0.020000
2025.05.08	09:08:00	57.898232	11.103923	50.266667	9.000000	11.222798	3.386819	29.703412	1487.781672	11.103158	10.928400	100.030333	11.383000	9.060628	0.256352	1.282337	194.479001	8.428937	3.070011	0.649833	-0.013958
2025.05.08	09:09:00	57.899807	11.107563	50.471429	8.011905	11.244993	3.387749	29.694589	1487.849614	11.057525	10.920117	100.020500	11.411667	9.059895	0.260796	1.298733	194.842480	8.453413	3.070210	0.661500	-0.016875
2025.05.08	09:10:00	57.901352	11.111151	50.885714	8.209524	11.233828	3.386551	29.691931	1487.806862	11.070359	10.924499	100.097600	11.427400	9.060711	0.266192	1.293975	195.059680	8.455628	3.075655	0.677250	-0.014375
2025.05.08	09:11:00	57.902898	11.114770	50.650000	8.209524	11.209148	3.383242	29.679641	1487.704931	11.159283	10.940837	100.199833	11.407000	9.061383	0.299794	1.311614	197.162981	8.443002	3.074858	0.673750	-0.016250
2025.05.08	09:12:00	57.904553	11.117673	28.833333	7.240476	11.255021	3.386857	29.677828	1487.864879	11.152164	10.928645	100.130167	11.425333	9.059796	0.310108	1.292529	204.625375	8.461498	3.085681	0.655083	-0.018958
2025.05.08	09:13:00	57.906360	11.118551	5.071259	6.000000	11.297588	3.392501	29.698398	1488.039776	11.153100	10.914694	100.104200	11.469600	9.058440	0.292625	1.283801	197.209524	8.454853	3.064798	0.663250	-0.016458
2025.05.08	09:14:00	57.908011	11.118813	4.559524	4.947619	11.298447	3.393366	29.706097	1488.052121	11.150686	10.916581	100.144667	11.479500	9.058345	0.292967	1.287900	195.983891	8.422735	3.072069	0.667917	-0.016458
2025.05.08	09:15:00	57.909266	11.119012	99.584726	3.038186	11.298909	3.394115	29.712998	1488.061982	11.208475	10.916870	100.172800	11.490600	9.058388	0.296353	1.277067	195.607115	8.405790	3.055370	0.651583	-0.018125
2025.05.08	09:16:00	57.909845	11.119053	127.899281	0.750600	11.314084	3.395350	29.712774	1488.115241	11.250625	10.919061	100.195167	11.491667	9.058683	0.282200	1.271121	194.911186	8.421185	3.058955	0.652750	-0.016875
2025.05.08	09:17:00	57.910040	11.119577	61.947619	1.000000	11.383064	3.398440	29.687269	1488.327776	11.251994	10.951077	100.561167	11.522833	9.058945	0.263807	1.270919	194.775990	8.423732	3.067521	0.683083	-0.015208
2025.05.08	09:18:00	57.910227	11.120156	52.228571	0.642857	11.391684	3.400018	29.695626	1488.368103	11.071106	10.946886	100.597600	11.555200	9.057838	0.264208	1.326375	194.359319	8.402579	3.063935	0.691833	-0.018542
2025.05.08	09:19:00	57.910388	11.120399	81.326190	0.000000	11.313190	3.394734	29.707503	1488.105638	11.125500	10.930912	100.454667	11.557000	9.058236	0.294489	1.419061	195.064113	8.414983	3.060947	0.702917	-0.014375
2025.05.08	09:20:00	57.910470	11.120364	251.373810	0.000000	11.278690	3.391972	29.708474	1487.985172	11.179096	10.926523	100.236000	11.479667	9.059165	0.339652	1.335329	195.451971	8.389953	3.059387	0.675500	-0.016042
2025.05.08	09:21:00	57.910395	11.120442	155.221429	0.000000	11.294647	3.392825	29.703912	1488.036088	11.288778	10.938522	100.328200	11.472000	9.059395	0.308253	1.304295	194.095575	8.420520	3.069679	0.651000	-0.022292
2025.05.08	09:22:00	57.910303	11.120525	148.342043	0.000000	11.353895	3.397049	29.697228	1488.236914	11.295360	10.950224	100.509667	11.504167	9.059181	0.277100	1.308439	194.649659	8.406123	3.065695	0.697083	-0.019375
2025.05.08	09:23:00	57.910215	11.120648	141.045346	0.000000	11.411416	3.401513	29.694262	1488.435931	11.290725	10.961003	100.737833	11.559833	9.058833	0.257737	1.298568	195.106223	8.412435	3.068849	0.687750	-0.016250
2025.05.08	09:24:00	57.910131	11.120769	145.254157	0.000000	11.445705	3.404034	29.691103	1488.552810	11.290280	10.973440	100.947200	11.601000	9.058594	0.238283	1.303232	195.394347	8.409224	3.062674	0.694750	-0.016042
2025.05.08	09:25:00	57.910047	11.120868	150.633333	0.000000	11.424643	3.403250	29.700440	1488.489897	11.276528	10.963984	100.890667	11.613833	9.058527	0.236853	1.302831	195.292395	8.423178	3.063935	0.694167	-0.014167
2025.05.08	09:26:00	57.909975	11.120935	157.507143	0.000000	11.432891	3.404057	29.701609	1488.520310	11.259434	10.968725	100.939333	11.616000	9.058472	0.236442	1.292818	195.345587	8.417198	3.063304	0.693583	-0.017292
2025.05.08	09:27:00	57.909925	11.120961	179.628571	0.000000	11.408196	3.402729	29.708612	1488.441754	11.272514	10.964269	100.841200	11.591600	9.058293	0.229971	1.290242	195.028652	8.389399	3.060018	0.709333	-0.018125
2025.05.08	09:28:00	57.909917	11.120968	90.411905	0.000000	11.421753	3.403288	29.703116	1488.482914	11.248265	10.966171	100.871833	11.597167	9.058401	0.227517	1.315961	195.097358	8.384194	3.061080	0.708167	-0.014375
2025.05.08	09:29:00	57.909979	11.121023	24.895238	0.000000	11.410453	3.402738	29.706884	1488.447759	11.236417	10.966234	100.853400	11.589200	9.057734	0.232552	1.329473	196.012704	8.441784	3.069812	0.700000	-0.018333
2025.05.08	09:30:01	57.909979	11.121023	24.895238	0.000000	11.410453	3.402738	29.706884	1488.447759	11.236417	10.966234	100.853400	11.589200	9.057734	0.232552	1.329473	196.012704	8.441784	3.069812	0.700000	-0.018333
2025.05.08	09:31:00	57.910243	11.121302	30.103175	0.000000	11.385159	3.401029	29.710652	1488.363213	11.237219	10.941765	100.591429	11.573000	9.057490	0.231858	1.346690	196.267311	8.428838	3.065098	0.664250	-0.015060
2025.05.08	09:32:00	57.910431	11.121525	32.034826	0.000000	11.391096	3.401521	29.710651	1488.384053	11.234043	10.935021	100.550000	11.582000	9.057520	0.234702	1.361093	194.693985	8.383751	3.068650	0.652750	-0.020417
2025.05.08	09:33:00	57.910598	11.121734	32.445274	0.000000	11.385550	3.401247	29.712457	1488.366655	11.161093	10.930539	100.505833	11.581000	9.057359	0.242108	1.371793	194.662957	8.420409	3.071671	0.659167	-0.017917
2025.05.08	09:34:00	57.910763	11.121941	33.079602	0.000000	11.369588	3.400096	29.714128	1488.312483	11.231359	10.932091	100.502667	11.573167	9.057555	0.249613	1.375146	194.372617	8.421628	3.062541	0.669667	-0.018750
2025.05.08	09:35:00	57.910924	11.122150	34.281095	0.000000	11.330659	3.397070	29.716114	1488.177690	11.280554	10.928032	100.369400	11.531200	9.057870	0.279367	1.397250	194.849129	8.432592	3.063437	0.663250	-0.016667
2025.05.08	09:36:00	57.911080	11.122353	34.099502	0.000000	11.398614	3.401917	29.708440	1488.407828	11.293074	10.943424	100.570167	11.557167	9.057834	0.249470	1.406180	194.436891	8.380428	3.052514	0.679000	-0.015000
2025.05.08	09:37:00	57.911232	11.122559	36.559701	0.000000	11.425178	3.403884	29.706143	1488.498517	11.304590	10.953419	100.737500	11.589667	9.057640	0.226950	1.389439	195.004272	8.397816	3.061412	0.675500	-0.015625
2025.05.08	09:38:00	57.911378	11.122777	38.937811	0.000000	11.440442	3.405033	29.704986	1488.550877	11.320757	10.961587	100.851400	11.606600	9.057796	0.223089	1.390077	195.983891	8.439680	3.068484	0.672583	-0.016875
2025.05.08	09:39:00	57.911521	11.122997	38.639303	0.000000	11.453121	3.405925	29.703443	1488.593655	11.346732	10.963973	100.921833	11.627667	9.057929	0.219583	1.382207	195.241420	8.423067	3.066691	0.677833	-0.014792
2025.05.08	09:40:00	57.911664	11.123205	36.047619	0.000000	11.474884	3.407564	29.701829	1488.668172	11.353448	10.968128	100.996400	11.643600	9.058120	0.217784	1.376902	195.662523	8.410331	3.054706	0.697083	-0.015417
2025.05.08	09:41:00	57.911810	11.123395	32.660050	0.000000	11.491062	3.409147	29.704133	1488.727707	11.347646	10.969205	101.050667	11.662500	9.057256	0.223975	1.365139	196.524677	8.422071	3.067322	0.674917	-0.014583
2025.05.08	09:42:00	57.911959	11.123567	30.549751	0.000000	11.494457	3.409683	29.706600	1488.742552	11.334954	10.967467	101.055167	11.671167	9.057058	0.225527	1.359043	196.276447	8.417973	3.066226	0.665583	-0.019375
2025.05.08	09:43:00	57.912108	11.123731	30.296020	0.000000	11.489866	3.409771	29.711128	1488.731810	11.245561	10.964256	101.027200	11.672000	9.056842	0.224504	1.355762	196.041516	8.421517	3.067056	0.662083	-0.016875
2025.05.08	09:44:00	57.912254	11.123897	31.420398	0.000000	11.455319	3.407678	29.718628	1488.619456	11.200552	10.949739	100.867000	11.660667	9.055630	0.223833	1.351832	196.181145	8.417198	3.064234	0.669667	-0.018542
2025.05.08	09:45:00	57.912396	11.124069	33.283582	0.000000	11.377852	3.401816	29.724141	1488.353569	11.278641	10.917989	100.447500	11.605667	9.055420	0.217211	1.344112	196.307476	8.401692	3.071073	0.652750	-0.019375
2025.05.08	09:46:00	57.912538	11.124250	33.534826	0.000000	11.390091	3.402738	29.723224	1488.395638	11.289767	10.922029	100.393200	11.565600	9.056623	0.207117	1.334764	196.557922	8.410885	3.065296	0.660333	-0.016667
2025.05.08	09:47:00	57.912678	11.124434	33.594527	0.000000	11.425090	3.405518	29.722016	1488.517293	11.245730	10.944160	100.642333	11.585500	9.056463	0.214200	1.323618	195.536192	8.376885	3.053577	0.667333	-0.015208
2025.05.08	09:48:00	57.912818	11.124607	31.092040	0.000000	11.425367	3.405644	29.723028	1488.519466	11.188446	10.942085	100.676500	11.608667	9.056324	0.221000	1.324639	194.583169	8.379210	3.055668	0.682500	-0.018542
2025.05.08	09:49:00	57.912961	11.124765	28.563275	0.000000	11.372551	3.401493	29.725286	1488.336316	11.174026	10.924986	100.468600	11.586600	9.055623	0.227677	1.316006	194.838047	8.406566	3.056930	0.655083	-0.016250
2025.05.08	09:50:00	57.913108	11.124914	27.358209	0.000000	11.340091	3.398877	29.726038	1488.222893	11.167804	10.920363	100.312167	11.537167	9.055800	0.231625	1.315382	194.931133	8.410109	3.063504	0.673750	-0.015208
2025.05.08	09:51:00	57.913257	11.125067	28.579602	0.000000	11.325966	3.397747	29.726450	1488.173552	11.170491	10.908493	100.177200	11.526000	9.055885	0.238573	1.318055	194.394780	8.371347	3.053876	0.666167	-0.016042
2025.05.08	09:52:00	57.913408	11.125238	32.308458	0.000000	11.321195	3.397365	29.726590	1488.156931	11.182593	10.908640	100.144500	11.511000	9.055908	0.246783	1.322036	194.006922	8.393275	3.046140	0.650417	-0.018958
2025.05.08	09:53:00	57.913528	11.125396	108.549751	0.000000	11.324993	3.397699	29.726762	1488.170466	11.259899	10.912203	100.169333	11.507833	9.055931	0.241298	1.318055	193.723231	8.389621	3.053145	0.658583	-0.014792
2025.05.08	09:54:00	57.913327	11.125381	177.907960	0.945274	11.348984	3.399653	29.726407	1488.254603	11.310801	10.924403	100.304800	11.517800	9.056753	0.228650	1.297736	196.475917	8.405236	3.060250	0.666167	-0.016250
2025.05.08	09:55:00	57.912788	11.125908	140.910670	2.749380	11.444691	3.407248	29.723002	1488.587351	11.206153	10.956395	100.713667	11.567833	9.056941	0.222659	1.290242	197.131952	8.388846	3.052780	0.663250	-0.018125
2025.05.08	09:56:00	57.911802	11.127890	131.134328	6.554726	11.389383	3.403015	29.726497	1488.396948	11.215406	10.941867	100.628000	11.588333	9.055574	0.201870	1.302539	195.795503	8.392057	3.064134	0.635833	-0.016250
2025.05.08	09:57:00	57.910171	11.131352	131.208955	9.609453	11.376490	3.402283	29.729769	1488.355534	11.231599	10.932480	100.470800	11.557800	9.055687	0.211367	1.293396	195.252501	8.436579	3.068384	0.648083	-0.018958
2025.05.08	09:58:00	57.908229	11.135453	131.104478	10.000000	11.360028	3.401698	29.737355	1488.306672	11.260109	10.929728	100.421000	11.547000	9.055846	0.214057	1.302539	196.280880	8.440566	3.067654	0.666750	-0.018750
2025.05.08	09:59:00	57.906256	11.139632	131.106965	10.283582	11.386309	3.404230	29.740731	1488.403241	11.224268	10.939435	100.499833	11.542500	9.056171	0.227658	1.291950	196.786204	8.492618	3.080203	0.679000	-0.015000
2025.05.08	10:00:00	57.904201	11.143893	132.522388	11.000000	11.392478	3.401785	29.712100	1488.390638	11.095091	10.967981	100.824000	11.569400	9.057730	0.236423	1.298147	195.822099	8.490957	3.077282	0.688917	-0.014583
2025.05.08	10:01:00	57.902063	11.148077	133.778607	11.000000	11.324147	3.391231	29.664723	1488.093070	11.067442	10.968613	100.773500	11.544667	9.057804	0.240692	1.311621	196.373966	8.455738	3.074659	0.664417	-0.017500
2025.05.08	10:02:00	57.899911	11.152258	133.412935	11.000000	11.245129	3.381616	29.634902	1487.778431	11.064146	10.949722	100.447000	11.478600	9.057667	0.238430	1.302831	196.172280	8.481432	3.079738	0.631167	-0.017708
2025.05.08	10:03:00	57.897742	11.156447	133.987593	11.000000	11.226733	3.380773	29.641502	1487.721293	11.090428	10.937653	100.219333	11.428167	9.057687	0.232475	1.302075	195.830964	8.479993	3.086146	0.611917	-0.016875
2025.05.08	10:04:00	57.895567	11.160599	134.111940	11.000000	11.220653	3.378360	29.622921	1487.677534	11.204035	10.938603	100.199167	11.415500	9.058895	0.239720	1.287314	195.451971	8.474677	3.074294	0.627667	-0.015208
2025.05.08	10:05:00	57.893376	11.164732	134.328358	11.000000	11.272938	3.380912	29.605747	1487.841638	11.276587	10.952352	100.356000	11.429000	9.058271	0.233608	1.286454	195.866426	8.494612	3.085150	0.653333	-0.017708
2025.05.08	10:06:00	57.891154	11.168813	137.584577	11.000000	11.376919	3.388523	29.596178	1488.197000	11.113161	10.957157	100.549333	11.493500	9.056817	0.210902	1.264186	194.507813	8.478221	3.074626	0.648083	-0.018125
2025.05.08	10:07:00	57.888731	11.172417	142.917706	11.000000	11.355161	3.383441	29.564365	1488.082105	10.873738	10.963520	100.699167	11.533167	9.056847	0.206888	1.249547	195.691335	8.453634	3.080867	0.665583	-0.013333
2025.05.08	10:08:00	57.886229	11.175857	144.920596	11.000000	11.186033	3.364553	29.516471	1487.427086	10.800891	10.957760	100.471000	11.457200	9.058776	0.212642	1.263889	194.277315	8.475895	3.071638	0.668500	-0.014167
2025.05.08	10:09:00	57.883612	11.178980	148.044776	11.000000	11.018624	3.348638	29.495695	1486.808345	10.771429	10.936725	99.964167	11.321167	9.060468	0.208895	1.269455	196.028218	8.482429	3.081930	0.628250	-0.015625
2025.05.08	10:10:00	57.880953	11.182016	148.522388	11.000000	10.969479	3.345536	29.504853	1486.644500	10.746575	10.926960	99.647667	11.222167	9.060570	0.203433	1.269096	195.429808	8.464709	3.079938	0.621250	-0.015000
2025.05.08	10:11:00	57.878276	11.185039	148.213930	11.000000	10.920934	3.346058	29.548983	1486.524810	10.794866	10.919686	99.457400	11.168200	9.061016	0.199978	1.257673	196.522460	8.485973	3.083258	0.624750	-0.017083
2025.05.08	10:12:00	57.875604	11.188081	148.303483	11.000000	10.927145	3.348872	29.571528	1486.573966	10.831888	10.927712	99.449000	11.132833	9.061782	0.208533	1.262732	196.679820	8.476670	3.084718	0.625333	-0.017917
2025.05.08	10:13:00	57.872931	11.191096	148.497512	11.000000	10.958584	3.356161	29.617470	1486.741228	10.781733	10.943136	99.592400	11.134400	9.061069	0.203447	1.250425	196.724147	8.489850	3.085150	0.609583	-0.017708
2025.05.08	10:14:00	57.870263	11.194119	148.296020	11.000000	10.963857	3.366819	29.717483	1486.880241	10.795459	10.954075	99.748000	11.158500	9.060719	0.195075	1.232936	196.783988	8.475230	3.088636	0.630000	-0.016458
2025.05.08	10:15:00	57.867586	11.197104	149.679104	11.000000	10.940741	3.369130	29.758781	1486.847672	10.805425	10.947184	99.672000	11.152667	9.060863	0.225096	1.238422	195.374400	8.473901	3.078875	0.629417	-0.018542
2025.05.08	10:16:00	57.864876	11.199957	150.077114	11.000000	10.948564	3.371826	29.778838	1486.899586	10.937762	10.949402	99.650400	11.134600	9.060330	0.235875	1.245664	196.030434	8.464709	3.080270	0.621250	-0.016458
2025.05.08	10:17:00	57.862164	11.202822	150.020050	11.000000	10.997683	3.379685	29.815853	1487.118862	10.894310	10.967141	99.850167	11.151167	9.060932	0.238860	1.228760	196.440456	8.494279	3.094446	0.645750	-0.016875
2025.05.08	10:18:00	57.859480	11.205672	149.922886	11.000000	11.082055	3.388910	29.837524	1487.444517	10.799628	11.024693	100.529333	11.218000	9.059909	0.236158	1.212686	196.549056	8.509895	3.098364	0.654500	-0.014167
2025.05.08	10:19:00	57.856802	11.208546	149.721393	11.000000	10.986733	3.383498	29.862049	1487.135509	10.845954	11.015002	100.420200	11.209400	9.059276	0.240151	1.131560	196.393913	8.471576	3.090230	0.645750	-0.018542
2025.05.08	10:20:00	57.854116	11.211458	149.621891	11.000000	10.969633	3.384634	29.887086	1487.104897	10.868828	11.003285	100.211167	11.165167	9.059476	0.260525	1.137182	195.591600	8.459172	3.075754	0.663833	-0.017083
2025.05.08	10:21:00	57.851415	11.214366	149.848259	11.000000	11.013693	3.389108	29.894993	1487.270931	10.891581	11.009717	100.303500	11.179667	9.059647	0.266675	1.134781	196.449321	8.476559	3.081797	0.686583	-0.016458
2025.05.08	10:22:00	57.848710	11.217288	149.681592	11.000000	11.022172	3.388407	29.881238	1487.284534	10.834160	11.011744	100.351200	11.192000	9.058770	0.262083	1.153382	195.753393	8.468475	3.079672	0.664417	-0.014375
2025.05.08	10:23:00	57.845989	11.220199	149.967662	11.000000	11.008405	3.386701	29.875759	1487.229017	10.825126	11.001861	100.279333	11.200333	9.058465	0.243448	1.144149	195.425375	8.463712	3.079373	0.642833	-0.016875
2025.05.08	10:24:00	57.843253	11.223113	150.052239	11.000000	10.990966	3.384266	29.866131	1487.155448	10.800693	11.006848	100.291000	11.185600	9.060227	0.227942	1.130239	195.602682	8.449647	3.077149	0.676667	-0.019792
2025.05.08	10:25:00	57.840504	11.226014	150.186567	11.000000	10.968082	3.382057	29.863104	1487.070474	10.791200	11.022267	100.393667	11.169000	9.059624	0.226242	1.133132	195.119521	8.432592	3.083390	0.671417	-0.013958
2025.05.08	10:26:00	57.837747	11.228910	150.119403	11.000000	10.951124	3.380516	29.861828	1487.008552	10.794797	11.007792	100.208500	11.146000	9.059458	0.211476	1.125412	194.964378	8.472905	3.084420	0.641667	-0.020417
2025.05.08	10:27:00	57.834978	11.231790	150.641791	11.000000	10.946345	3.379253	29.853355	1486.981466	10.765433	11.016352	100.261600	11.135600	9.061467	0.210517	1.128793	194.986541	8.451862	3.078344	0.679000	-0.020625
2025.05.08	10:28:00	57.832222	11.234723	149.149254	11.000000	10.933505	3.377598	29.847583	1486.928793	10.742394	11.042155	100.499167	11.136667	9.061487	0.224666	1.130096	195.332289	8.462605	3.083623	0.690083	-0.015417
2025.05.08	10:29:00	57.829489	11.237760	148.982587	11.000000	10.912393	3.375949	29.848588	1486.854845	10.751672	11.026661	100.321833	11.121167	9.061121	0.223949	1.137708	195.868642	8.488077	3.088470	0.652750	-0.015000
2025.05.08	10:30:00	57.826742	11.240788	149.044776	11.000000	10.900419	3.375140	29.850407	1486.814386	10.751258	11.025901	100.237800	11.087600	9.060704	0.217641	1.126290	196.161198	8.501810	3.093649	0.628250	-0.016250
2025.05.08	10:31:00	57.823989	11.243811	149.196517	11.000000	10.898066	3.375191	29.852838	1486.808914	10.755545	11.017637	100.163500	11.088000	9.060529	0.209242	1.123586	195.669172	8.482872	3.094014	0.645167	-0.016250
2025.05.08	10:32:00	57.821227	11.246822	149.184080	11.000000	10.909276	3.375680	29.848486	1486.843621	10.752274	11.021477	100.196167	11.087167	9.060973	0.209039	1.124241	195.919618	8.508013	3.089898	0.640500	-0.017917
2025.05.08	10:33:00	57.818459	11.249821	149.741294	11.000000	10.901133	3.374759	29.846100	1486.811741	10.745300	11.019968	100.184200	11.087800	9.060247	0.205842	1.131975	195.480784	8.483869	3.085548	0.649833	-0.015833
2025.05.08	10:34:00	57.815682	11.252801	149.684080	11.000000	10.900666	3.374548	29.844391	1486.808000	10.721947	11.011435	100.123333	11.095000	9.060341	0.205454	1.127461	195.990540	8.437797	3.085681	0.628833	-0.017708
2025.05.08	10:35:00	57.812894	11.255780	149.970149	11.000000	10.885943	3.373483	29.845945	1486.757466	10.730961	11.018867	100.165600	11.084200	9.060361	0.198142	1.111945	195.788854	8.471022	3.090761	0.625917	-0.018333
2025.05.08	10:36:00	57.810100	11.258746	149.985037	11.000000	10.876067	3.373060	29.849816	1486.726842	10.766160	11.010581	100.056167	11.069333	9.060108	0.198333	1.107675	196.232121	8.458286	3.083224	0.605500	-0.016667
2025.05.08	10:37:00	57.807310	11.261700	150.000000	11.000000	10.893502	3.374932	29.853993	1486.794103	10.834532	11.010187	100.056000	11.071167	9.059787	0.197712	1.115458	196.001622	8.471022	3.089068	0.621833	-0.015625
2025.05.08	10:38:00	57.804520	11.264632	150.350746	11.000000	10.946709	3.379743	29.857845	1486.988155	10.764306	11.011635	100.122800	11.093800	9.059110	0.192950	1.117800	196.158982	8.474898	3.095409	0.610750	-0.014375
2025.05.08	10:39:00	57.801725	11.267535	150.509950	11.000000	10.941824	3.379913	29.863495	1486.977483	10.738674	11.018907	100.252500	11.121333	9.059177	0.189683	1.111652	196.294178	8.490292	3.084088	0.623583	-0.014167
2025.05.08	10:40:00	57.798924	11.270439	150.480100	11.000000	10.900057	3.377115	29.870069	1486.836793	10.754419	11.022101	100.223000	11.096167	9.059695	0.193233	1.120693	196.342937	8.478774	3.099625	0.610167	-0.017083
2025.05.08	10:41:00	57.796114	11.273331	150.967419	11.000000	10.906217	3.379141	29.884907	1486.876603	10.835165	11.020006	100.191000	11.090400	9.059607	0.195848	1.119264	196.504730	8.489407	3.101385	0.627083	-0.021458
2025.05.08	10:42:00	57.793303	11.276209	151.000000	11.000000	10.923372	3.382206	29.900958	1486.956930	10.918675	11.020421	100.177667	11.083167	9.058608	0.196208	1.120693	196.119088	8.478664	3.091259	0.600833	-0.015208
2025.05.08	10:43:00	57.790501	11.279073	151.000000	11.000000	11.025293	3.391701	29.910903	1487.331172	10.752831	11.002848	100.153500	11.141667	9.056565	0.195705	1.122192	196.467052	8.476116	3.093317	0.607250	-0.017708
2025.05.08	10:44:00	57.787703	11.281921	151.000000	11.000000	10.982381	3.389436	29.923688	1487.194155	10.595849	10.987392	100.091000	11.175600	9.056732	0.197767	1.121561	195.875291	8.497602	3.083092	0.646333	-0.020000
2025.05.08	10:45:00	57.784906	11.284760	150.915423	11.000000	10.840597	3.375887	29.906467	1486.668569	10.904374	10.995317	100.007333	11.108333	9.059993	0.222842	1.129950	196.123520	8.476338	3.090960	0.675500	-0.017708
2025.05.08	10:46:00	57.782106	11.287612	151.104478	11.000000	10.863171	3.378153	29.910300	1486.753483	11.187941	11.011963	99.975500	11.029167	9.059860	0.232695	1.140929	196.150116	8.496605	3.100854	0.648667	-0.013542
2025.05.08	10:47:00	57.779301	11.290444	151.062189	11.000000	11.163974	3.406705	29.944526	1487.862845	11.034571	11.014899	100.367800	11.187000	9.054453	0.212783	1.140654	196.329639	8.489850	3.092022	0.642833	-0.016875
2025.05.08	10:48:00	57.776504	11.293269	151.052239	11.000000	11.230261	3.413122	29.953196	1488.107930	11.050284	11.005600	100.636833	11.339667	9.053286	0.194988	1.123070	196.236553	8.470468	3.084718	0.626500	-0.016042
2025.05.08	10:49:00	57.773717	11.296077	151.067164	11.000000	11.181784	3.393513	29.801686	1487.754655	10.967706	11.007597	100.658000	11.340800	9.055466	0.198900	1.136314	196.358452	8.493393	3.082926	0.614250	-0.016250
2025.05.08	10:50:00	57.770952	11.298865	151.169154	11.000000	11.161198	3.350052	29.395384	1487.193879	10.833554	11.012928	100.699000	11.337333	9.058234	0.198859	1.163472	196.617763	8.516319	3.087773	0.631750	-0.015208
2025.05.08	10:51:00	57.768221	11.301653	150.685786	11.000000	11.065229	3.312283	29.104569	1486.504052	10.862875	11.022923	100.697833	11.297833	9.061214	0.202017	1.184625	196.192227	8.474787	3.082096	0.631750	-0.012292
2025.05.08	10:52:00	57.765531	11.304463	150.094293	11.000000	11.004638	3.386689	29.878795	1487.219379	10.925235	11.026029	100.533800	11.214600	9.058086	0.207748	1.199190	196.861559	8.487967	3.086644	0.613083	-0.015208
2025.05.08	10:53:00	57.762856	11.307289	150.000000	11.000000	11.040228	3.440076	30.371948	1487.938672	10.947248	11.019280	100.445667	11.203167	9.054720	0.207683	1.167268	196.493648	8.477888	3.097965	0.640500	-0.017500
2025.05.08	10:54:00	57.760184	11.310156	149.291045	11.000000	11.070696	3.455187	30.494702	1488.194175	10.994335	11.007296	100.395167	11.228500	9.052875	0.219935	1.161130	196.874857	8.521967	3.095575	0.637000	-0.015417
2025.05.08	10:55:00	57.757509	11.313042	149.798507	11.000000	11.107250	3.450581	30.419393	1488.232931	10.954248	11.005869	100.448400	11.257200	9.053251	0.226242	1.187229	196.225472	8.473458	3.087275	0.626500	-0.013750
2025.05.08	10:56:00	57.754826	11.315951	149.092040	11.000000	11.120591	3.441285	30.317495	1488.157655	10.856865	11.004597	100.502500	11.285500	9.053669	0.219218	1.167278	196.198876	8.492065	3.090196	0.645750	-0.018542
2025.05.08	10:57:00	57.752145	11.318895	149.179104	11.000000	11.070400	3.435799	30.305198	1487.965362	10.720052	11.005077	100.478500	11.273167	9.054753	0.208958	1.163218	196.181145	8.479107	3.087640	0.625917	-0.012917
2025.05.08	10:58:00	57.749455	11.321832	149.407960	11.000000	10.955805	3.418627	30.231388	1487.469931	10.740946	11.009920	100.387200	11.215000	9.057058	0.223692	1.165821	196.165631	8.500260	3.089997	0.637000	-0.015625
2025.05.08	10:59:00	57.746755	11.324751	149.151741	11.000000	10.888747	3.404607	30.149017	1487.132362	10.894859	11.024917	100.271167	11.106167	9.059023	0.220939	1.153225	196.369533	8.476559	3.095409	0.645750	-0.017083
2025.05.08	11:00:00	57.744048	11.327684	149.549751	11.000000	10.951960	3.404299	30.094135	1487.291105	11.015606	11.035347	100.347600	11.098000	9.059695	0.204850	1.157143	195.697984	8.473016	3.096770	0.626500	-0.016458
2025.05.08	11:01:00	57.741324	11.330617	149.713930	11.000000	11.075610	3.414076	30.088524	1487.723224	10.934051	11.038693	100.557000	11.175167	9.057852	0.208322	1.159081	195.565004	8.486305	3.091724	0.628833	-0.014375
2025.05.08	11:02:00	57.738594	11.333543	149.804511	11.000000	11.112405	3.415889	30.076166	1487.838741	10.988609	11.014299	100.545333	11.265667	9.055378	0.216467	1.149911	195.214824	8.488742	3.093583	0.619500	-0.018542
2025.05.08	11:03:00	57.735853	11.336474	149.833333	11.000000	11.097502	3.415376	30.083329	1487.794517	11.033619	11.010650	100.491200	11.256800	9.054665	0.218788	1.150590	194.824749	8.478221	3.090794	0.634083	-0.016042
2025.05.08	11:04:00	57.733101	11.339400	150.000000	11.000000	11.146328	3.420090	30.089450	1487.974759	11.134078	11.012768	100.576167	11.285333	9.053922	0.209242	1.130818	195.465269	8.490071	3.091491	0.614833	-0.015833
2025.05.08	11:05:00	57.730327	11.342298	150.226368	11.000000	11.195319	3.426042	30.107431	1488.169552	11.193396	11.015872	100.687833	11.321000	9.052915	0.197712	1.120728	195.822099	8.499595	3.093151	0.605500	-0.019583
2025.05.08	11:06:00	57.727542	11.345190	150.848259	11.000000	11.293988	3.440386	30.166468	1488.588614	11.177444	11.016595	100.873400	11.398000	9.051461	0.189125	1.092921	195.547274	8.491954	3.092222	0.615417	-0.015833
2025.05.08	11:07:00	57.724741	11.348052	151.000000	11.000000	11.310743	3.444050	30.188395	1488.673914	11.165422	11.018699	101.013833	11.450500	9.050547	0.186858	1.082218	195.066329	8.488631	3.085947	0.622417	-0.017708
2025.05.08	11:08:00	57.721933	11.350905	151.000000	11.000000	11.312705	3.445009	30.196107	1488.690052	10.972246	11.020581	101.055333	11.461000	9.050256	0.180077	1.078276	195.420943	8.471908	3.094413	0.618333	-0.017083
2025.05.08	11:09:00	57.719115	11.353740	151.184080	11.000000	11.238974	3.440802	30.215526	1488.453345	10.963709	11.001446	100.848600	11.447200	9.049487	0.179350	1.092921	195.627062	8.505244	3.085150	0.633500	-0.014583
2025.05.08	11:10:00	57.716296	11.356559	151.559701	11.000000	11.123217	3.426015	30.166186	1487.985224	11.058291	10.966581	100.330667	11.361500	9.050514	0.195275	1.092622	195.471918	8.486859	3.090960	0.635833	-0.018333
2025.05.08	11:11:00	57.713480	11.359346	151.599502	11.000000	11.162016	3.414931	30.026414	1487.954603	11.019237	10.997069	100.515600	11.321000	9.055382	0.204425	1.092054	195.086276	8.475009	3.091026	0.632333	-0.014583
2025.05.08	11:12:00	57.710671	11.362139	151.783582	11.000000	11.177767	3.378657	29.660293	1487.570667	11.022296	11.079605	101.348333	11.354667	9.059809	0.225957	1.171963	195.279097	8.494169	3.096637	0.669667	-0.016042
2025.05.08	11:13:00	57.707854	11.364910	152.000000	11.000000	11.162964	3.391780	29.800000	1487.686017	11.036161	11.100693	101.512833	11.342333	9.058775	0.250042	1.213554	195.077411	8.486527	3.089765	0.644000	-0.017083
2025.05.08	11:14:00	57.705043	11.367688	151.355000	11.000000	11.174957	3.381578	29.690993	1487.597586	10.986135	11.102816	101.537000	11.344400	9.059733	0.246746	1.200654	195.768907	8.469914	3.088868	0.663833	-0.015625
2025.05.08	11:15:00	57.702225	11.370490	151.676617	11.000000	11.167507	3.369208	29.576629	1487.433879	10.874507	11.114597	101.665500	11.353333	9.060782	0.246217	1.220496	196.014920	8.486305	3.094114	0.674333	-0.015625
2025.05.08	11:16:00	57.699402	11.373301	151.354115	11.000000	11.095879	3.334295	29.294169	1486.840655	10.629465	11.156869	101.975333	11.320500	9.063998	0.258072	1.258037	194.623063	8.498820	3.092952	0.698833	-0.016875
2025.05.08	11:17:00	57.696579	11.376106	151.501241	11.000000	10.950177	3.301482	29.090051	1486.076754	10.433354	11.202714	102.180600	11.229800	9.069404	0.287017	1.323482	194.795937	8.467810	3.093815	0.720417	-0.015208
2025.05.08	11:18:00	57.693766	11.378932	151.027363	11.000000	10.723905	3.249525	28.760540	1484.870466	10.824522	11.275115	102.420167	11.052667	9.076268	0.318576	1.362849	194.201959	8.485752	3.094944	0.733250	-0.014792
2025.05.08	11:19:00	57.690973	11.381804	150.186567	11.000000	10.756833	3.155439	27.817095	1483.852759	11.032946	11.321963	102.579500	10.940667	9.081490	0.332917	1.454818	194.456838	8.506573	3.107162	0.744333	-0.017917
2025.05.08	11:20:00	57.688208	11.384699	150.166667	11.000000	11.040805	3.125141	27.309136	1484.260569	10.995739	11.266554	102.444400	11.096000	9.078044	0.316999	1.433993	193.616847	8.475341	3.096836	0.692417	-0.015208
2025.05.08	11:21:00	57.685465	11.387597	150.014963	11.000000	11.100966	3.086904	26.896266	1483.980552	11.085603	11.219675	102.342833	11.233167	9.074601	0.291125	1.425889	193.647876	8.459282	3.087706	0.706417	-0.018125
2025.05.08	11:22:00	57.682721	11.390476	150.071960	11.000000	11.176760	3.054792	26.532831	1483.815707	11.142196	11.165862	101.947200	11.273600	9.068829	0.267248	1.412913	194.128820	8.482983	3.093018	0.668500	-0.017708
2025.05.08	11:23:00	57.679994	11.393368	149.793532	11.000000	11.233428	3.036995	26.321797	1483.765276	11.204085	11.092304	101.465333	11.355000	9.065823	0.242301	1.385978	193.585819	8.466371	3.086744	0.659167	-0.015208
2025.05.08	11:24:00	57.677271	11.396257	150.000000	11.000000	11.291311	3.035764	26.268812	1483.908491	11.255101	11.019189	100.918000	11.407167	9.062712	0.218167	1.338236	193.727664	8.472240	3.095176	0.647500	-0.019792
2025.05.08	11:25:00	57.674548	11.399123	150.054726	11.000000	11.345547	3.034833	26.221447	1484.044948	11.326526	10.986746	100.766200	11.469800	9.060935	0.212623	1.316006	193.834048	8.470025	3.086212	0.638750	-0.014792
2025.05.08	11:26:00	57.671837	11.401982	149.972637	11.000000	11.411434	3.016064	25.996247	1484.010155	11.366519	10.961067	100.635667	11.515333	9.058101	0.207117	1.299471	194.270666	8.476559	3.090429	0.630583	-0.016458
2025.05.08	11:27:00	57.669141	11.404835	150.000000	11.000000	11.461833	3.018250	25.981679	1484.171966	11.365679	10.935824	100.537167	11.573000	9.056300	0.198286	1.276775	195.041950	8.514990	3.095409	0.621833	-0.017083
2025.05.08	11:28:00	57.666456	11.407666	150.000000	11.000000	11.495036	3.016245	25.939381	1484.239328	11.375730	10.901907	100.330800	11.619000	9.054554	0.194083	1.266204	194.479001	8.473901	3.100389	0.617167	-0.016042
2025.05.08	11:29:00	57.663786	11.410491	150.017370	11.000000	11.499060	3.028064	26.048741	1484.384397	11.322371	10.897216	100.332500	11.638500	9.054481	0.189253	1.259794	194.479001	8.480546	3.094878	0.624167	-0.016667
2025.05.08	11:30:00	57.661095	11.413318	150.000000	11.000000	11.491340	3.026909	26.043172	1484.350276	11.328994	10.906245	100.440000	11.649333	9.054328	0.193800	1.265914	194.217474	8.474455	3.091159	0.621250	-0.019167
2025.05.08	11:31:00	57.658396	11.416141	150.067164	11.000000	11.460563	2.989182	25.706614	1483.838807	11.320979	10.867354	100.039200	11.630600	9.052674	0.185239	1.462977	194.594250	8.493061	3.090230	0.602000	-0.016042
2025.05.08	11:32:00	57.655706	11.418985	150.134328	11.000000	11.468421	2.986350	25.674310	1483.828086	11.331671	10.845509	99.843833	11.632833	9.052227	0.179917	1.234382	194.842480	8.499042	3.096372	0.611917	-0.019167
2025.05.08	11:33:00	57.653011	11.421804	150.014925	11.000000	11.450293	2.995836	25.776874	1483.886293	11.397207	10.845766	99.822000	11.622400	9.052936	0.174486	1.226125	194.866859	8.485309	3.090960	0.610167	-0.016042
2025.05.08	11:34:00	57.650322	11.424629	150.435323	11.000000	11.503425	2.981426	25.603446	1483.867825	11.336172	10.845275	99.828833	11.627500	9.051536	0.177083	1.233225	194.162065	8.496051	3.083390	0.618333	-0.016875
2025.05.08	11:35:00	57.647637	11.427440	150.000000	11.000000	11.504783	2.987515	25.660190	1483.940500	11.317031	10.834837	99.811500	11.662000	9.051692	0.174055	1.221441	195.170497	8.501478	3.091325	0.627083	-0.020208
2025.05.08	11:36:00	57.644963	11.430260	150.084577	11.000000	11.464114	2.998115	25.788900	1483.949690	11.346645	10.837971	99.807200	11.647200	9.053006	0.174250	1.222811	194.439107	8.469582	3.085648	0.628833	-0.015000
2025.05.08	11:37:00	57.642292	11.433066	150.039900	11.000000	11.474928	2.997951	25.779821	1483.977293	11.304641	10.848261	99.858167	11.628333	9.053444	0.177783	1.222905	194.882374	8.482540	3.090993	0.625333	-0.017500
2025.05.08	11:38:00	57.639622	11.435865	150.310945	11.000000	11.462682	3.010726	25.909619	1484.088825	1652.141541	10.864672	100.027000	11.636000	9.054244	0.180483	1.241036	194.259584	8.493836	3.097102	0.628833	-0.017917
2025.05.08	11:39:00	57.636937	11.438661	150.163772	11.000000	11.456960	3.021610	26.016984	1484.196828	11.356993	10.895789	100.289400	11.625400	9.055542	0.185382	1.260672	193.853995	8.475341	3.096272	0.632917	-0.015000
2025.05.08	11:40:00	57.634261	11.441458	150.022388	11.000000	11.479541	3.030165	26.082395	1484.355241	11.371874	10.933648	100.669000	11.638833	9.056373	0.197855	1.291413	194.326074	8.484866	3.095807	0.638750	-0.018125
2025.05.08	11:41:00	57.631597	11.444268	150.199005	11.000000	11.498766	3.033102	26.096764	1484.440741	11.385938	10.938155	100.726500	11.645833	9.056003	0.199750	1.303521	193.942648	8.489628	3.092919	0.635250	-0.016458
2025.05.08	11:42:00	57.628927	11.447063	149.965174	11.000000	11.513752	3.047334	26.221352	1484.642707	11.341890	10.964544	101.014200	11.665200	9.056387	0.201296	1.320398	194.864643	8.497491	3.087906	0.617167	-0.015625
2025.05.08	11:43:00	57.626263	11.449861	150.052239	10.853234	11.500571	3.057384	26.326172	1484.721155	11.403649	10.971333	101.089667	11.671000	9.056096	0.204850	1.317986	194.731663	8.437354	3.085615	0.651583	-0.016875
2025.05.08	11:44:00	57.623605	11.452657	150.000000	11.000000	11.514947	3.046328	26.210957	1484.634534	11.364243	10.956557	100.931400	11.661400	9.054541	0.205598	1.313078	195.061897	8.489739	3.087308	0.638750	-0.016250
2025.05.08	11:45:00	57.620946	11.455473	150.000000	11.000000	11.508935	3.060646	26.351253	1484.780754	11.335475	10.952491	100.939667	11.681000	9.055403	0.197483	1.296868	194.232988	8.460279	3.078477	0.634083	-0.020000
2025.05.08	11:46:00	57.618285	11.458312	149.487562	11.000000	11.493805	3.071650	26.466691	1484.865069	11.383186	10.968197	101.063000	11.671833	9.055802	0.198142	1.301660	194.392564	8.449869	3.081432	0.631750	-0.015625
2025.05.08	11:47:00	57.615623	11.461164	149.509950	11.000000	11.489467	3.081668	26.565090	1484.967328	11.423331	10.992896	101.247800	11.653400	9.056588	0.204425	1.314225	195.146117	8.477445	3.092222	0.632333	-0.016667
2025.05.08	11:48:00	57.612961	11.464053	149.097015	11.000000	11.537588	3.082288	26.536545	1485.103759	11.400026	10.987429	101.258667	11.679833	9.055807	0.202013	1.318055	194.906753	8.476227	3.092587	0.635833	-0.015625
2025.05.08	11:49:00	57.610301	11.466972	149.027363	11.000000	11.536850	3.088382	26.595009	1485.171017	11.444881	10.991968	101.340667	11.697000	9.056346	0.202017	1.328400	195.434241	8.482872	3.092985	0.641083	-0.019375
2025.05.08	11:50:00	57.607652	11.469909	148.681704	11.000000	11.556491	3.094810	26.642047	1485.296672	11.518048	10.999245	101.414600	11.699800	9.056161	0.205884	1.337378	194.598683	8.475009	3.085980	0.631167	-0.015417
2025.05.08	11:51:00	57.604987	11.472871	148.462687	11.000000	11.609393	3.102606	26.678128	1485.526807	11.301740	11.001253	101.508667	11.732333	9.056434	0.206888	1.343527	194.461270	8.439458	3.088603	0.629417	-0.015833
2025.05.08	11:52:00	57.602335	11.475851	148.509950	11.000000	11.579210	3.095501	26.632274	1485.365190	11.247886	11.038208	101.929000	11.766500	9.062680	0.210517	1.350675	194.365968	8.471465	3.078610	0.655083	-0.015000
2025.05.08	11:53:00	57.599663	11.478797	148.696517	11.000000	11.421053	3.071892	26.520971	1484.671879	11.208903	11.160666	102.803600	11.657800	9.072139	0.244595	1.411742	195.299044	8.492175	3.086976	0.687167	-0.014792
2025.05.08	11:54:00	57.596995	11.481780	148.601990	11.000000	11.400152	3.069672	26.514776	1484.590172	11.208562	11.207056	103.127833	11.614333	9.074144	0.268175	1.456554	195.108440	8.487745	3.086544	0.691833	-0.017917
2025.05.08	11:55:00	57.594325	11.484764	148.452736	11.000000	11.358153	3.067950	26.528434	1484.457190	11.136863	11.224149	103.150667	11.557667	9.074134	0.270689	1.455072	194.250719	8.459061	3.086445	0.690083	-0.013333
2025.05.08	11:56:00	57.591661	11.487739	148.218593	11.000000	11.326138	3.066410	26.536688	1484.353207	11.220522	11.208813	102.945000	11.530200	9.073740	0.263500	1.449900	194.580952	8.482318	3.075124	0.691833	-0.017083
2025.05.08	11:57:00	57.588978	11.490783	148.066998	11.000000	11.306358	3.064373	26.531426	1484.276246	11.354484	11.190501	102.699333	11.497167	9.072252	0.250617	1.449802	195.002056	8.492840	3.089898	0.674333	-0.013333
2025.05.08	11:58:00	57.586295	11.493828	147.965174	11.000000	11.406500	3.070217	26.515426	1484.613491	11.421838	11.179578	102.663800	11.524800	9.071266	0.238708	1.414318	195.039733	8.506573	3.087042	0.670250	-0.018958
2025.05.08	11:59:00	57.583602	11.496891	148.089776	11.000000	11.505695	3.076238	26.501810	1484.949172	11.458950	11.173109	102.803167	11.609167	9.070208	0.238287	1.404716	195.208175	8.494169	3.086611	0.677250	-0.017292
2025.05.08	12:00:00	57.580892	11.499978	148.263027	11.000000	11.561836	3.080661	26.503760	1485.150397	11.486428	11.194336	103.160667	11.677833	9.071875	0.252167	1.425600	195.197093	8.476116	3.087374	0.664417	-0.018125
2025.05.08	12:01:00	57.578169	11.503079	148.204489	11.000000	11.585783	3.083300	26.511717	1485.244552	11.518907	11.212531	103.419400	11.716000	9.071722	0.267392	1.453608	195.398779	8.479217	3.093948	0.679000	-0.016875
2025.05.08	12:02:00	57.575436	11.506174	148.044665	11.000000	11.630797	3.087980	26.524000	1485.418379	11.458071	11.206357	103.451500	11.753833	9.070381	0.263358	1.450189	194.434674	8.473569	3.079672	0.651583	-0.016875
2025.05.08	12:03:00	57.572704	11.509281	148.000000	11.000000	11.638654	3.090335	26.540730	1485.466140	11.412760	11.197493	103.424167	11.777000	9.069981	0.260080	1.440727	194.798153	8.466703	3.079904	0.672000	-0.014583
2025.05.08	12:04:00	57.569967	11.512395	148.323383	11.000000	11.557407	3.087140	26.568484	1485.211983	11.435477	11.197440	103.353400	11.747200	9.070681	0.263664	1.429308	194.357103	8.473126	3.079971	0.680750	-0.015208
2025.05.08	12:05:00	57.567226	11.515474	148.144638	11.000000	11.589016	3.091882	26.590903	1485.350586	11.367677	11.186645	103.232667	11.738333	9.068404	0.266050	1.436014	195.070762	8.487634	3.082228	0.689500	-0.017292
2025.05.08	12:06:00	57.564489	11.518582	148.263027	11.000000	11.519690	3.094903	26.669359	1485.198983	11.475865	11.153989	102.888333	11.719833	9.066636	0.256639	1.427845	194.775990	8.499595	3.090860	0.680750	-0.016875
2025.05.08	12:07:00	57.561747	11.521613	150.486284	10.728180	11.574141	3.098540	26.664814	1485.386259	11.471540	11.116045	102.514400	11.709800	9.063885	0.244517	1.385389	193.641227	8.479771	3.094811	0.642833	-0.018750
2025.05.08	12:08:00	57.559550	11.523101	195.131105	5.025707	11.596700	3.105506	26.714807	1485.525724	11.527201	11.085717	102.310667	11.742500	9.061383	0.223806	1.377195	181.850334	8.402246	3.054241	0.656250	-0.016667
2025.05.08	12:09:00	57.559090	11.522543	246.761658	0.243523	11.611767	3.111379	26.759772	1485.632603	11.610143	11.061939	102.116200	11.753200	9.059317	0.217883	1.344311	191.424894	8.405901	3.069679	0.646917	-0.015625
2025.05.08	12:10:00	57.559139	11.522534	56.821244	0.000000	11.700432	3.115948	26.739300	1485.921053	11.544474	11.032933	101.967333	11.804167	9.057653	0.201153	1.314542	193.774207	8.420852	3.067156	0.621833	-0.015625
2025.05.08	12:11:00	57.559144	11.522669	114.919689	0.000000	11.700255	3.121927	26.796155	1485.988190	11.456813	11.023952	101.999833	11.853500	9.056562	0.192242	1.322614	193.437324	8.420741	3.064400	0.641083	-0.016875
2025.05.08	12:12:00	57.559072	11.522798	150.875325	0.000000	11.662331	3.131695	26.916271	1485.997897	11.446365	11.017043	101.892000	11.834800	9.056491	0.207175	1.321569	193.814101	8.388513	3.057428	0.648083	-0.016042
2025.05.08	12:13:00	57.559001	11.522861	134.770026	0.000000	11.606578	3.139647	27.032279	1485.939741	11.350667	11.013744	101.773167	11.796833	9.056756	0.232475	1.306414	193.273316	8.390950	3.058192	0.652750	-0.016250
2025.05.08	12:14:00	57.558996	11.523035	79.606218	0.000000	11.536147	3.155161	27.231552	1485.928966	11.357325	11.015189	101.693167	11.756833	9.057111	0.254488	1.301075	193.869509	8.379875	3.050257	0.653917	-0.014792
2025.05.08	12:15:00	57.559034	11.523247	66.359173	0.000000	11.506409	3.149701	27.201279	1485.787655	11.381425	11.011040	101.517200	11.697600	9.057248	0.258117	1.288479	194.467919	8.352187	3.052481	0.665000	-0.015417
2025.05.08	12:16:00	57.559068	11.523346	161.160207	0.000000	11.516246	3.145723	27.156096	1485.768439	11.377862	11.017675	101.535500	11.679000	9.057590	0.264524	1.295219	195.332289	8.388735	3.060582	0.654500	-0.015833
2025.05.08	12:17:00	57.559087	11.523329	302.137306	0.000000	11.524747	3.147791	27.169588	1485.814707	11.403000	11.019536	101.565167	11.684333	9.057565	0.252481	1.295219	195.296828	8.382422	3.054540	0.670250	-0.015625
2025.05.08	12:18:00	57.559090	11.523272	261.237726	0.000000	11.510190	3.154378	27.243129	1485.851103	11.452099	11.027642	101.633800	11.681600	9.058083	0.254858	1.288479	195.152766	8.397816	3.053809	0.668500	-0.014375
2025.05.08	12:19:00	57.559079	11.523223	224.583979	0.000000	11.570307	3.140225	27.064203	1485.849759	11.632155	11.025072	101.665000	11.705333	9.057500	0.240437	1.296390	194.213041	8.387184	3.049028	0.649250	-0.016250
2025.05.08	12:20:00	57.559044	11.523194	194.681234	0.000000	11.639262	3.125650	26.875588	1485.867948	11.548926	11.010739	101.615200	11.740800	9.057331	0.202300	1.287900	193.924918	8.392611	3.049360	0.644000	-0.016667
2025.05.08	12:21:00	57.558985	11.523175	184.935233	0.000000	11.732866	3.126048	26.811724	1486.121724	11.436694	11.021243	101.951000	11.843333	9.055980	0.182999	1.288789	192.909837	8.364702	3.052216	0.637000	-0.015000
2025.05.08	12:22:00	57.558905	11.523187	170.577720	0.000000	11.633404	3.131155	26.932046	1485.914684	11.569071	10.998651	101.725000	11.836167	9.054958	0.188558	1.291082	192.442191	8.349086	3.049759	0.628250	-0.018542
2025.05.08	12:23:00	57.558802	11.523238	162.506427	0.000000	11.628843	3.125905	26.885486	1485.842897	11.575709	10.990336	101.531400	11.786000	9.056328	0.199289	1.285851	191.923569	8.384526	3.043285	0.640500	-0.017083
2025.05.08	12:24:00	57.558688	11.523222	205.115979	0.286082	11.696502	3.125778	26.835360	1486.021793	11.583578	11.006283	101.772333	11.826000	9.056100	0.192242	1.286164	190.977194	8.354513	3.047302	0.649250	-0.015417
2025.05.08	12:25:00	57.558644	11.522477	279.170984	1.945596	11.703583	3.123494	26.808595	1486.014828	11.631075	11.008501	101.851000	11.851167	9.056004	0.192551	1.290535	187.847732	8.365920	3.048530	0.631750	-0.016250
2025.05.08	12:26:00	57.559244	11.521450	337.260982	3.413437	11.737509	3.121136	26.761831	1486.078517	11.639323	11.022400	102.009600	11.863800	9.057155	0.198192	1.290504	190.039685	8.371790	3.051884	0.635250	-0.015833
2025.05.08	12:27:00	57.560692	11.520875	347.618557	6.110825	11.762147	3.120635	26.739369	1486.138517	11.614687	11.031792	102.184333	11.901500	9.057159	0.196852	1.311029	194.629712	8.389953	3.049991	0.648667	-0.019375
2025.05.08	12:28:00	57.562749	11.519814	342.729167	8.197917	11.762763	3.118111	26.715037	1486.111614	11.596051	11.043488	102.308667	11.908500	9.057780	0.196067	1.307571	192.994058	8.392611	3.053046	0.649250	-0.017292
2025.05.08	12:29:00	57.565363	11.518318	342.143959	10.000000	11.746147	3.113588	26.684157	1486.016310	11.521750	11.051040	102.374000	11.906400	9.058598	0.203304	1.331230	194.224123	8.416533	3.062408	0.657417	-0.016875
2025.05.08	12:30:00	57.568234	11.516633	341.984536	10.234536	11.702760	3.111590	26.696347	1485.877914	11.559903	11.070219	102.501167	11.885000	9.060570	0.218214	1.346454	195.287963	8.439126	3.073596	0.665000	-0.016458
2025.05.08	12:31:00	57.571154	11.514901	341.858974	11.000000	11.687350	3.106138	26.655719	1485.775190	11.560230	11.088717	102.605800	11.856400	9.062687	0.225250	1.363404	194.840263	8.426390	3.070575	0.665583	-0.016042
2025.05.08	12:32:00	57.574059	11.513182	341.636598	10.731959	11.693174	3.100836	26.601302	1485.730845	11.560957	11.117152	102.857500	11.851667	9.065023	0.230688	1.371633	194.860210	8.427054	3.073862	0.691833	-0.012500
2025.05.08	12:33:00	57.576970	11.511483	342.696891	11.000000	11.694250	3.098197	26.575531	1485.703828	11.611171	11.144987	103.127333	11.856833	9.066444	0.242392	1.411136	192.785722	8.419634	3.064068	0.668500	-0.016875
2025.05.08	12:34:00	57.579965	11.510592	188.184896	10.638021	11.722116	3.099596	26.568884	1485.794070	11.551135	11.153440	103.219000	11.862400	9.064811	0.247176	1.403837	192.575171	8.431706	3.071405	0.650417	-0.017083
2025.05.08	12:35:00	57.583031	11.510633	0.023256	11.000000	11.717191	3.096754	26.545495	1485.748897	11.472680	11.114048	102.912167	11.887333	9.062306	0.234742	1.385968	195.751176	8.441341	3.076750	0.639333	-0.015833
2025.05.08	12:36:00	57.586134	11.510710	0.243523	11.000000	11.664674	3.089056	26.510028	1485.521414	11.586535	11.067653	102.413667	11.857833	9.060920	0.215777	1.349675	195.467486	8.420298	3.065230	0.638750	-0.014792
2025.05.08	12:37:00	57.589241	11.510774	0.046632	11.000000	11.646871	3.082344	26.459119	1485.397690	11.464074	11.043750	102.103400	11.819200	9.061726	0.208958	1.339971	196.136818	8.446768	3.076717	0.651000	-0.017917
2025.05.08	12:38:00	57.592349	11.510839	42.891473	11.000000	11.694295	3.079443	26.397916	1485.492121	11.262017	11.049317	102.218167	11.846667	9.062261	0.210902	1.326546	196.741877	8.453080	3.084818	0.648667	-0.015625
2025.05.08	12:39:00	57.595472	11.510918	65.108527	11.000000	11.533436	3.067828	26.402059	1484.928224	11.396030	11.066197	102.271000	11.802333	9.065889	0.225533	1.345468	193.747611	8.446546	3.077282	0.665000	-0.016875
2025.05.08	12:40:00	57.598584	11.511496	6.674479	11.000000	11.495304	3.061252	26.366704	1484.750842	11.169571	11.114752	102.451400	11.688200	9.069562	0.239720	1.360507	195.181579	8.393718	3.061578	0.686583	-0.017708
2025.05.08	12:41:00	57.601706	11.512228	6.575521	11.000000	11.425290	3.056066	26.367147	1484.502793	11.197804	11.144624	102.712667	11.682167	9.071574	0.246459	1.375146	195.877507	8.395933	3.059453	0.708167	-0.016875
2025.05.08	12:42:00	57.604844	11.512953	6.635417	11.000000	11.354862	3.049608	26.355750	1484.238862	11.422688	11.173594	102.746800	11.583400	9.075570	0.256983	1.403325	196.057030	8.426500	3.068749	0.691833	-0.017083
2025.05.08	12:43:00	57.607880	11.514210	21.966234	11.000000	11.423278	3.048853	26.299891	1484.415207	11.429123	11.246101	103.370333	11.565000	9.078650	0.273843	1.436628	188.596852	8.374005	3.061379	0.698250	-0.018125
2025.05.08	12:44:00	57.610536	11.517211	33.139175	11.000000	11.538464	3.056286	26.288888	1484.811000	11.511887	11.275856	103.850000	11.651667	9.077444	0.275967	1.422129	196.380615	8.415315	3.062773	0.699417	-0.018542
2025.05.08	12:45:00	57.613160	11.520430	33.028424	11.000000	11.592260	3.059353	26.279874	1484.990690	11.476026	11.286650	104.062800	11.699200	9.077126	0.280008	1.438092	196.305260	8.420741	3.060781	0.683667	-0.014583
2025.05.08	12:46:00	57.615787	11.523667	32.992228	11.000000	11.638443	3.059635	26.249905	1485.118293	11.277581	11.292187	104.266000	11.763167	9.077439	0.277667	1.446139	196.464836	8.391836	3.058557	0.686000	-0.016458
2025.05.08	12:47:00	57.618418	11.526907	32.901299	11.000000	11.533123	3.050288	26.235689	1484.728386	11.410397	11.299216	104.321167	11.759167	9.079557	0.284310	1.455072	196.613330	8.400806	3.056166	0.694167	-0.017083
2025.05.08	12:48:00	57.621046	11.530113	32.600515	11.000000	11.474460	3.042048	26.198900	1484.476345	11.381409	11.313856	104.247000	11.671400	9.080309	0.293250	1.461182	196.697551	8.378546	3.054706	0.676667	-0.016458
2025.05.08	12:49:00	57.623673	11.533297	32.577720	11.000000	11.557064	3.047154	26.189066	1484.757638	11.255739	11.301163	104.170333	11.688500	9.076995	0.276711	1.437506	196.203308	8.386187	3.059852	0.675500	-0.017083
2025.05.08	12:50:00	57.626324	11.536493	32.383420	11.000000	11.472960	3.037208	26.153936	1484.417276	11.326823	11.280571	103.966000	11.682167	9.075679	0.259108	1.420104	196.715281	8.400585	3.060051	0.656250	-0.018333
2025.05.08	12:51:00	57.628957	11.539685	33.303896	11.000000	11.422452	3.004458	25.878272	1483.908328	11.422570	11.160237	102.687600	11.610200	9.063570	0.243448	1.384807	195.019786	8.386077	3.061611	0.646917	-0.014583
2025.05.08	12:52:00	57.631488	11.543122	37.085492	11.000000	11.512960	2.970577	25.494231	1483.771293	11.395019	10.957573	100.876833	11.633667	9.055111	0.212783	1.281825	195.939565	8.384194	3.065628	0.606083	-0.017292
2025.05.08	12:53:00	57.633879	11.546857	42.989583	11.000000	11.529157	2.961324	25.395514	1483.711052	11.448497	10.900864	100.480000	11.688200	9.052914	0.197712	1.243984	192.872159	8.395933	3.060250	0.631167	-0.017917
2025.05.08	12:54:00	57.635960	11.551114	49.348958	11.000000	11.545146	2.940963	25.192291	1483.525263	11.518183	10.896651	100.454833	11.694167	9.052524	0.197058	1.230043	194.425809	8.387073	3.061180	0.623583	-0.018750
2025.05.08	12:55:00	57.637802	11.555655	56.182292	10.343750	11.621633	2.900058	24.755279	1483.275586	11.381291	10.906395	100.633333	11.732333	9.049997	0.194845	1.230810	193.554790	8.395490	3.088769	0.613667	-0.016458
2025.05.08	12:56:00	57.639268	11.560606	65.018229	10.208333	11.601483	2.904400	24.809576	1483.268672	11.261387	10.924218	100.902200	11.778000	9.056466	0.194701	1.230517	191.826050	8.351080	3.097334	0.628833	-0.013542
2025.05.08	12:57:00	57.640288	11.565941	72.849351	10.787013	11.474555	2.903122	24.882443	1482.903879	11.359530	11.077211	102.159667	11.711167	9.070106	0.228650	1.278354	193.601333	8.375888	3.087175	0.663833	-0.016458
2025.05.08	12:58:00	57.640967	11.571482	81.345455	11.000000	11.448022	2.894578	24.819536	1482.734155	11.386014	11.247557	103.543167	11.632500	9.084107	0.292052	1.333865	190.695720	8.405569	3.092952	0.700000	-0.018125
2025.05.08	12:59:00	57.640911	11.577164	97.242187	11.000000	11.520980	2.882566	24.657550	1482.800893	11.345893	11.387744	104.910400	11.664200	9.093107	0.358700	1.403036	191.393865	8.375334	3.089864	0.770000	-0.017292
2025.05.08	13:00:00	57.640372	11.582846	99.839378	11.000000	11.504090	2.877958	24.625321	1482.702224	11.288388	11.462592	105.642000	11.681333	9.094600	0.411769	1.422575	193.696635	8.387516	3.098928	0.795083	-0.016042
2025.05.08	13:01:00	57.639825	11.588557	99.521964	11.000000	11.463721	2.897265	24.834414	1482.807966	11.312913	11.417157	105.160500	11.655333	9.087310	0.404033	1.445271	193.603549	8.372233	3.090329	0.730333	-0.017917
2025.05.08	13:02:00	57.639281	11.594242	99.750649	11.000000	11.445721	2.897151	24.845398	1482.756877	11.203638	11.381440	104.768400	11.629200	9.087447	0.365889	1.400910	193.794154	8.398481	3.095641	0.736750	-0.017083
2025.05.08	13:03:00	57.638755	11.599896	99.132812	10.848958	11.427491	2.909005	24.969752	1482.840362	11.367435	11.370880	104.647500	11.619333	9.086934	0.348075	1.394936	194.301694	8.400474	3.095475	0.718667	-0.016667
2025.05.08	13:04:00	57.638246	11.605534	99.147668	11.000000	11.405872	2.903734	24.934488	1482.721069	11.363609	11.416186	104.966000	11.578600	9.092521	0.339652	1.400910	194.895672	8.407673	3.094546	0.706417	-0.015625
2025.05.08	13:05:00	57.637752	11.611203	97.841146	11.000000	11.501871	2.897495	24.811043	1482.916018	11.317212	11.464987	105.532333	11.627167	9.092649	0.370883	1.412871	195.946214	8.399256	3.095874	0.735000	-0.016667
2025.05.08	13:06:00	57.637412	11.616915	94.119792	11.000000	11.468895	2.898833	24.845733	1482.839914	11.388510	11.444832	105.388667	11.644500	9.092090	0.378793	1.426088	196.119088	8.412103	3.094014	0.738500	-0.015417
2025.05.08	13:07:00	57.637301	11.622663	88.929687	11.000000	11.482459	2.887806	24.732600	1482.753121	11.461304	11.478950	105.680000	11.635000	9.095346	0.390717	1.425021	196.595599	8.371901	3.092222	0.750167	-0.015417
2025.05.08	13:08:00	57.637385	11.628425	87.924479	11.000000	11.551684	2.875956	24.574929	1482.811534	11.507615	11.481499	105.801833	11.675500	9.097346	0.411912	1.461513	194.501164	8.373230	3.073995	0.752500	-0.017292
2025.05.08	13:09:00	57.637482	11.634220	87.315104	11.000000	11.595557	2.872665	24.514998	1482.896207	11.422674	11.486283	105.964000	11.724500	9.098033	0.437863	1.477908	195.576086	8.405236	3.089001	0.763000	-0.016458
2025.05.08	13:10:00	57.637606	11.640053	87.101562	11.000000	11.617558	2.878490	24.555235	1483.022368	11.324126	11.492595	106.107800	11.759600	9.096501	0.446958	1.450479	196.081410	8.392168	3.089034	0.774083	-0.019375
2025.05.08	13:11:00	57.637831	11.645810	81.890625	10.528646	11.523816	2.886515	24.692859	1482.852983	11.394434	11.449435	105.681167	11.748167	9.092525	0.406607	1.428430	199.756091	8.395380	3.087673	0.742583	-0.016458
2025.05.08	13:12:00	57.638496	11.650834	70.002604	8.820312	11.485521	2.866192	24.526834	1482.518397	11.391332	11.476923	105.744000	11.669333	9.100098	0.396667	1.436882	198.299960	8.364591	3.082295	0.752500	-0.017083
2025.05.08	13:13:00	57.639379	11.654892	66.361979	7.278646	11.550995	2.825029	24.096572	1482.238310	11.418341	11.612749	107.049400	11.691200	9.111398	0.457935	1.468833	194.964378	8.363262	3.074161	0.824471	-0.014391
2025.05.08	13:14:00	57.640176	11.658264	64.705729	6.130208	11.528721	2.805852	23.930964	1481.961241	11.425907	11.687888	107.754667	11.696500	9.118404	0.506742	1.524246	194.691769	8.347536	3.073530	0.845250	-0.017083
2025.05.08	13:15:00	57.640952	11.661359	64.786458	6.000000	11.557531	2.788179	23.746614	1481.844138	11.462759	11.733291	108.216833	11.713667	9.119689	0.546540	1.583599	193.240071	8.343881	3.066425	0.845250	-0.016875
2025.05.08	13:16:00	57.641691	11.664346	64.732620	6.058824	11.572619	2.790715	23.760738	1481.914690	11.490269	11.694022	107.893400	11.729600	9.116655	0.552275	1.561641	192.880719	8.298084	3.065625	0.853938	-0.016195
