$METADATA
$Version 2.3
$Project; FerryBox
$Device; 741601
$DateTime; 2025.05.07 07:13:01
$Filename; C:\Working\225_2025-05-07_07.11.44_Skagen_to_Skagen_741601.txt
$Watertimedelay; 00:00:00
$TrackStart: Skagen
$TrackEnd: Skagen
$FORMATS
$1; DateTime; YYYY.MM.DD hh:mm:ss
$2; Measdata; Float


$DATASETS
Units		°	°	°	Nm	°C	S/m	psu	m/s	°C	mg/l	%	°C	pH	µg/l	NTU	mbar	l/min	l/min	ppb	ppb
Date	Time	Latitude	Longitude	Course	Speed	Temp_SBE45	Cond_SBE45	Salinity_SBE45	SoundVel_SBE45	Temp_in_SBE38	Oxygen	Saturation	Temperature_Optode	pH	Chlorophyll	Turbidity	pressure	flow_main	flow_SBE45	Phycocyanin	CDOM
2025.05.07	07:13:00	57.713548	10.615654	89.560847	10.640212	11.883125	3.429387	29.661812	1489.989153	10.110034	9.273874	97.683571	17.779571	8.725509	0.305433	1.565325	202.787729	8.799438	3.123118	0.822392	-0.015619
2025.05.07	07:14:00	57.713577	10.621405	88.821809	11.000000	10.458779	3.393974	30.400133	1485.896667	10.203741	10.030842	95.508200	13.132600	8.928379	0.419758	1.803696	203.062860	8.792757	3.162357	0.674333	-0.015732
2025.05.07	07:15:00	57.713642	10.627034	88.000000	11.000000	10.411152	3.384334	30.344166	1485.657879	10.213697	10.484720	97.345833	12.006333	8.965543	0.335207	1.617853	203.802415	8.814907	3.190700	0.614929	-0.018163
2025.05.07	07:16:00	57.713724	10.632891	87.947644	11.000000	10.394448	3.383335	30.348164	1485.602483	10.332786	10.641779	97.802200	11.559400	8.987314	0.299200	1.532636	204.304798	8.853829	3.201433	0.630308	-0.014417
2025.05.07	07:17:00	57.713827	10.638727	87.723684	11.000000	10.458031	3.384644	30.308216	1485.783034	10.367087	10.794533	98.664333	11.321333	9.007413	0.323451	1.501037	203.681821	8.826268	3.193651	0.641261	-0.014783
2025.05.07	07:18:00	57.713938	10.644569	87.239474	11.000000	10.515374	3.384871	30.262778	1485.934293	10.422844	10.896165	99.255333	11.173500	9.017085	0.325125	1.509493	203.282788	8.804950	3.192143	0.633308	-0.016758
2025.05.07	07:19:00	57.714049	10.650426	87.460526	11.000000	10.549948	3.378286	30.168931	1485.945086	10.457328	10.932813	99.427000	11.103200	9.023175	0.319006	1.498110	203.655225	8.803796	3.190210	0.611634	-0.018226
2025.05.07	07:20:00	57.714154	10.656330	87.906915	11.000000	10.595623	3.366779	30.017432	1485.926175	10.422697	10.931077	99.357833	11.080167	9.026809	0.310108	1.511807	203.522017	8.821059	3.186037	0.618409	-0.014301
2025.05.07	07:21:00	57.714334	10.662201	83.332454	11.000000	10.602288	3.362683	29.971493	1485.894534	10.454734	10.932768	99.271667	11.035833	9.028947	0.297070	1.503672	207.600802	8.808264	3.180837	0.611644	-0.018000
2025.05.07	07:22:00	57.715096	10.667908	70.057895	11.000000	10.568955	3.362854	30.000586	1485.810052	10.663145	10.936262	99.164600	10.975400	9.033175	0.294808	1.507179	205.782905	8.809836	3.184017	0.623753	-0.012957
2025.05.07	07:23:00	57.716214	10.673495	67.214854	11.000000	10.714791	3.345314	29.708610	1485.980638	10.672725	10.953355	99.406000	11.012833	9.037070	0.301801	1.533242	207.035637	8.822622	3.178561	0.624065	-0.014620
2025.05.07	07:24:00	57.717610	10.678879	62.000000	11.000000	10.804860	3.339604	29.579347	1486.147017	10.653525	10.937365	99.450833	11.095333	9.037354	0.278658	1.512386	203.707125	8.784200	3.179993	0.627691	-0.015771
2025.05.07	07:25:00	57.719085	10.684231	62.108179	11.000000	10.808386	3.338304	29.563748	1486.140897	10.698131	10.928275	99.448600	11.130600	9.039111	0.285887	1.504551	204.236752	8.797719	3.179787	0.641394	-0.014787
2025.05.07	07:26:00	57.720564	10.689614	62.332447	11.000000	10.819972	3.336650	29.538184	1486.151509	10.641396	10.934779	99.448167	11.104500	9.040311	0.280152	1.503087	203.798999	8.799008	3.173083	0.631167	-0.014861
2025.05.07	07:27:00	57.722041	10.694984	62.128342	11.000000	10.817828	3.325663	29.432169	1486.016155	10.599268	10.922027	99.330333	11.103667	9.040846	0.270725	1.486929	202.902367	8.795886	3.183256	0.652978	-0.016875
2025.05.07	07:28:00	57.723631	10.700214	56.772118	11.000000	10.780160	3.316220	29.369814	1485.806328	10.582119	10.910208	99.122200	11.060000	9.041950	0.254201	1.465027	205.836097	8.809232	3.176411	0.631308	-0.017720
2025.05.07	07:29:00	57.725473	10.705214	53.896825	11.000000	10.748328	3.313209	29.365800	1485.687517	10.556868	10.902373	99.011500	11.042667	9.043574	0.253867	1.464075	204.212187	8.794262	3.175893	0.631638	-0.020080
2025.05.07	07:30:00	57.727430	10.710078	51.793566	11.000000	10.726162	3.309506	29.347240	1485.585759	10.552196	10.899078	98.924200	11.017600	9.044334	0.254058	1.458000	202.732785	8.785718	3.173581	0.638370	-0.017201
2025.05.07	07:31:00	57.729417	10.714924	52.080863	11.000000	10.708462	3.306861	29.335431	1485.508086	10.569397	10.890896	98.804833	10.998000	9.045366	0.244517	1.452504	203.478725	8.812615	3.173586	0.623761	-0.017609
2025.05.07	07:32:00	57.731414	10.719782	52.026882	11.000000	10.714328	3.307963	29.341563	1485.536456	10.591650	10.897659	98.812667	10.974833	9.046281	0.251477	1.453023	203.241779	8.776128	3.174600	0.633053	-0.016489
2025.05.07	07:33:00	57.733403	10.724651	51.949198	11.000000	10.728036	3.308345	29.334324	1485.576845	10.591774	10.907789	98.900200	10.972600	9.047007	0.251033	1.453082	203.450336	8.805395	3.180783	0.641766	-0.016569
2025.05.07	07:34:00	57.735449	10.729475	48.747312	11.000000	10.737848	3.310724	29.349802	1485.630776	10.609529	10.922635	99.024333	10.967833	9.047655	0.261513	1.466198	206.045411	8.778480	3.172762	0.621250	-0.015353
2025.05.07	07:35:00	57.737900	10.733401	30.964770	11.000000	10.748774	3.311557	29.349228	1485.669172	10.603509	10.927243	99.074167	10.971333	9.047752	0.261517	1.468704	209.837962	8.789470	3.182260	0.636849	-0.016559
2025.05.07	07:36:00	57.740878	10.735739	17.417790	11.000000	10.755690	3.313084	29.358669	1485.705310	10.604043	10.924435	99.086200	10.987600	9.047837	0.261370	1.462392	204.864135	8.803433	3.178077	0.636548	-0.016317
2025.05.07	07:37:00	57.744031	10.737504	15.696237	11.000000	10.752272	3.313459	29.365093	1485.700759	10.605059	10.927765	99.075167	10.969833	9.048511	0.262230	1.463855	204.397246	8.869898	3.185523	0.630223	-0.014867
2025.05.07	07:38:00	57.747205	10.739215	15.780161	11.032172	10.753923	3.314189	29.370919	1485.713754	10.610313	10.928032	99.093667	10.977000	9.048847	0.264917	1.458579	203.780002	8.827961	3.186600	0.630380	-0.018832
2025.05.07	07:39:00	57.750384	10.740984	16.000000	11.000000	10.756748	3.315689	29.383391	1485.738897	10.583661	10.929242	99.114800	10.981400	9.048851	0.259936	1.453901	203.601904	8.804585	3.189268	0.644837	-0.017609
2025.05.07	07:40:00	57.753532	10.742713	15.780161	11.000000	10.747783	3.317685	29.410179	1485.739052	10.589824	10.930485	99.125833	10.981500	9.049223	0.261375	1.450479	202.868139	8.795686	3.185710	0.632979	-0.017739
2025.05.07	07:41:00	57.756656	10.744427	15.884409	11.000000	10.734164	3.319987	29.443731	1485.730724	10.608596	10.937978	99.151400	10.962800	9.049922	0.264811	1.445118	203.217600	8.809232	3.182061	0.631077	-0.016099
2025.05.07	07:42:00	57.759788	10.746107	15.123989	11.000000	10.748421	3.323072	29.462564	1485.804466	10.579065	10.940773	99.172333	10.960833	9.049823	0.264350	1.439486	202.958376	8.783226	3.190904	0.637372	-0.012899
2025.05.07	07:43:00	57.762919	10.747785	15.542005	11.000000	10.742903	3.320037	29.437191	1485.754086	10.544493	10.944075	99.186000	10.954000	9.049574	0.255348	1.435749	202.651133	8.800094	3.190803	0.627591	-0.016344
2025.05.07	07:44:00	57.766103	10.749426	14.553134	11.073569	10.716842	3.321281	29.470404	1485.700807	10.558891	10.938899	99.111400	10.941800	9.050021	0.241542	1.423864	203.432499	8.820647	3.190616	0.613617	-0.015798
2025.05.07	07:45:00	57.769296	10.751085	15.164865	11.240541	10.698805	3.335647	29.626243	1485.824138	10.595574	10.943168	99.114833	10.926500	9.051223	0.240867	1.418769	202.760396	8.794073	3.179233	0.641900	-0.017306
2025.05.07	07:46:00	57.772504	10.752728	14.817204	11.357527	10.724248	3.351987	29.766360	1486.084103	10.597807	10.975360	99.389167	10.919167	9.052472	0.258258	1.423575	203.100188	8.803832	3.193565	0.646755	-0.017846
2025.05.07	07:47:00	57.775711	10.754369	14.810298	11.910569	10.741117	3.357262	29.804543	1486.190552	10.599551	10.986829	99.551800	10.944600	9.052684	0.272410	1.432822	203.447293	8.814548	3.185755	0.649554	-0.015380
2025.05.07	07:48:00	57.778925	10.756008	14.669377	11.924119	10.742666	3.372729	29.955484	1486.378017	10.616026	10.994608	99.644833	10.954333	9.053624	0.277383	1.447586	203.711138	8.780972	3.179983	0.650628	-0.015638
2025.05.07	07:49:00	57.782129	10.757645	14.631436	11.517615	10.752695	3.379438	30.013305	1486.483561	10.642857	11.007067	99.756667	10.953833	9.053559	0.295493	1.453901	203.456875	8.799777	3.181928	0.657087	-0.014701
2025.05.07	07:50:00	57.785334	10.759270	14.609164	11.032345	10.769866	3.387115	30.074772	1486.618983	10.649770	11.006675	99.776400	10.963600	9.053418	0.300941	1.452145	202.853891	8.769462	3.176213	0.675574	-0.019043
2025.05.07	07:51:00	57.788535	10.760874	14.333333	11.000000	10.797334	3.388951	30.070293	1486.711672	10.565937	11.003301	99.792500	10.984333	9.052521	0.315067	1.463207	203.469188	8.791286	3.178903	0.679778	-0.014472
2025.05.07	07:52:00	57.791722	10.762458	14.521622	11.000000	10.753952	3.354714	29.768993	1486.193517	10.600719	10.983469	99.601800	10.979400	9.051292	0.299651	1.447460	203.924767	8.812698	3.189933	0.676044	-0.019417
2025.05.07	07:53:00	57.794899	10.764051	14.532432	11.000000	10.741305	3.346893	29.702393	1486.068034	10.583488	10.959408	99.292500	10.939833	9.051409	0.269308	1.426468	203.424122	8.799063	3.179803	0.661053	-0.015479
2025.05.07	07:54:00	57.798074	10.765660	14.650407	11.000000	10.733710	3.336948	29.610784	1485.930448	10.606769	10.944939	99.185333	10.950167	9.050511	0.260080	1.423160	203.337991	8.772285	3.179478	0.664239	-0.019592
2025.05.07	07:55:00	57.801254	10.767279	14.927027	11.000000	10.740972	3.341971	29.654267	1486.008825	10.657462	10.944384	99.145400	10.935000	9.050316	0.256983	1.422996	203.135395	8.786760	3.189160	0.644538	-0.017060
2025.05.07	07:56:00	57.804429	10.768938	15.169811	11.000000	10.776238	3.372782	29.928517	1486.465431	10.647387	10.958773	99.332833	10.959667	9.051679	0.269972	1.431651	203.012992	8.767444	3.175857	0.671849	-0.017796
2025.05.07	07:57:00	57.807620	10.770594	15.008219	11.115068	10.792386	3.385268	30.038105	1486.655190	10.611975	10.985776	99.642000	10.987500	9.052069	0.295092	1.446429	202.048013	8.779583	3.174519	0.675574	-0.016117
2025.05.07	07:58:00	57.810822	10.772277	15.203252	11.934959	10.778702	3.387219	30.068545	1486.643017	10.583507	10.987974	99.666000	10.989400	9.052070	0.296783	1.445996	202.117493	8.752810	3.179091	0.653923	-0.018434
2025.05.07	07:59:00	57.814038	10.773984	15.401084	12.000000	10.752352	3.396965	30.186193	1486.690690	10.493120	11.014496	99.828833	10.955667	9.053063	0.306425	1.442379	203.191091	8.751069	3.169454	0.651670	-0.015638
2025.05.07	08:00:00	57.816661	10.775384	15.202970	12.000000	10.702850	3.399851	30.255526	1486.597431	10.429314	11.024624	99.888667	10.942000	9.053574	0.321300	1.458000	203.169244	8.756757	3.174624	0.687400	-0.018429
2025.05.07	08:01:00	57.820058	10.777221	15.741573	12.000000	10.616568	3.395421	30.283263	1486.322070	10.413807	11.027590	99.759200	10.874600	9.053639	0.328969	1.457730	202.209572	8.767167	3.179305	0.672748	-0.019005
2025.05.07	08:02:00	57.823737	10.779239	15.971503	12.000000	10.586767	3.393374	30.287733	1486.220690	10.341726	11.038336	99.719667	10.815500	9.054221	0.324558	1.459736	201.597864	8.751995	3.182061	0.667990	-0.019078
2025.05.07	08:03:00	57.826731	10.780858	15.265018	12.000000	10.548531	3.392170	30.307572	1486.107345	10.310752	11.032909	99.591000	10.781200	9.052729	0.323020	1.445996	201.004561	8.785754	3.168619	0.654617	-0.016417
2025.05.07	08:04:00	57.830105	10.782721	15.848168	12.000000	10.484383	3.393033	30.369498	1485.951897	10.209378	11.008139	99.260167	10.734833	9.051405	0.321867	1.453082	202.339359	8.763657	3.176639	0.684552	-0.020833
2025.05.07	08:05:00	57.833451	10.784343	10.111717	11.520436	10.440453	3.387079	30.346974	1485.766707	10.125904	10.973253	98.860000	10.697667	9.051145	0.310977	1.448046	205.970689	8.744796	3.177745	0.648264	-0.016121
2025.05.07	08:06:00	57.836745	10.784932	3.326870	11.019391	10.347517	3.373255	30.287003	1485.359397	10.042975	10.978182	98.726200	10.620200	9.051166	0.291125	1.432543	202.413737	8.752958	3.170730	0.657598	-0.013966
2025.05.07	08:07:00	57.840020	10.785293	30.189802	11.000000	10.258828	3.383384	30.462149	1485.251776	9.819130	10.966219	98.423833	10.535500	9.048911	0.274273	1.444533	202.734996	8.754068	3.176868	0.651629	-0.018315
2025.05.07	08:08:00	57.842799	10.785439	1.540084	11.000000	10.139407	3.414269	30.872474	1485.317246	9.773609	10.927776	97.870500	10.444500	9.048911	0.280358	1.464364	203.295575	8.754487	3.173993	0.670342	-0.019145
2025.05.07	08:09:00	57.846018	10.785622	86.122807	10.548872	9.977186	3.439248	31.262650	1485.202276	9.814641	10.857453	96.919400	10.303400	9.040324	0.301658	1.514212	203.561535	8.778021	3.179139	0.679000	-0.018218
2025.05.07	08:10:00	57.849323	10.785652	145.781081	10.000000	9.973212	3.427385	31.146469	1485.046690	9.819091	10.850651	96.703333	10.235000	9.042945	0.308833	1.523089	201.985722	8.751330	3.180401	0.679557	-0.017301
2025.05.07	08:11:00	57.852337	10.785718	164.582656	10.000000	9.977512	3.430275	31.171869	1485.093207	9.875553	10.862368	96.778167	10.222167	9.042632	0.301658	1.529436	202.945394	8.740034	3.171370	0.703818	-0.017898
2025.05.07	08:12:00	57.855356	10.785648	273.127371	10.013550	10.008145	3.415042	30.992091	1484.985948	9.875278	10.886131	96.978400	10.216800	9.045238	0.301325	1.537554	201.659921	8.740255	3.175587	0.656966	-0.019631
2025.05.07	08:13:00	57.858388	10.785595	310.513514	10.013514	10.027635	3.415905	30.984042	1485.046912	9.917355	10.891323	97.071833	10.237667	9.043710	0.284310	1.496939	203.322171	8.757975	3.184352	0.698807	-0.017500
2025.05.07	08:14:00	57.861417	10.785468	263.844687	10.013624	10.055476	3.414949	30.950597	1485.107345	9.906629	10.870778	96.917800	10.250400	9.043497	0.284883	1.503672	202.433421	8.775474	3.184318	0.691489	-0.018182
2025.05.07	08:15:00	57.864459	10.785348	357.562842	10.450820	10.058245	3.425331	31.052617	1485.241259	9.849745	10.823925	96.562167	10.277833	9.040334	0.297075	1.500236	201.444561	8.760729	3.179913	0.693000	-0.013409
2025.05.07	08:16:00	57.867497	10.785222	344.948649	10.775676	10.042812	3.421424	31.026550	1485.153603	9.952542	10.799968	96.345500	10.276667	9.039222	0.317286	1.515676	202.508777	8.768939	3.188103	0.722989	-0.021477
2025.05.07	08:17:00	57.870554	10.785082	314.420054	11.000000	10.042859	3.413427	30.946150	1485.056103	10.003697	10.798304	96.264400	10.247200	9.040956	0.372158	1.536686	201.183409	8.758529	3.180467	0.715273	-0.017017
2025.05.07	08:18:00	57.873631	10.784973	346.378378	11.000000	10.122917	3.405531	30.798514	1485.167328	10.086191	10.841131	96.764167	10.299333	9.043763	0.332483	1.513334	202.453368	8.726633	3.173894	0.672636	-0.018551
2025.05.07	08:19:00	57.876728	10.784868	298.192412	11.000000	10.184926	3.393130	30.621742	1485.177333	10.192448	10.889659	97.289500	10.339667	9.046690	0.315917	1.493004	201.349634	8.725525	3.172499	0.684568	-0.014943
2025.05.07	08:20:00	57.879822	10.784758	300.016304	11.000000	10.268140	3.379654	30.417153	1485.230328	10.209386	10.932429	97.810800	10.400400	9.049011	0.303522	1.471760	200.669220	8.710906	3.163568	0.673034	-0.016932
2025.05.07	08:21:00	57.882933	10.784699	337.386486	11.000000	10.333250	3.374348	30.309781	1485.335534	10.216171	10.951632	98.154833	10.475333	9.049781	0.295800	1.443825	201.010535	8.716555	3.167652	0.667705	-0.019886
2025.05.07	08:22:00	57.886068	10.784651	279.508197	11.000000	10.348476	3.384199	30.395148	1485.493690	10.277346	10.957195	98.272667	10.505000	9.049786	0.327752	1.428137	201.203356	8.726411	3.180301	0.717580	-0.019659
2025.05.07	08:23:00	57.889208	10.784607	324.035135	11.000000	10.379110	3.378651	30.314376	1485.506362	10.363519	10.957299	98.351800	10.539200	9.050682	0.390717	1.413450	200.476399	8.720652	3.153542	0.696739	-0.019261
2025.05.07	08:24:00	57.892364	10.784561	258.138965	11.000000	10.445593	3.368650	30.159828	1485.558983	10.434590	10.965456	98.524833	10.582833	9.051788	0.369473	1.411157	200.618244	8.688756	3.154306	0.675261	-0.017898
2025.05.07	08:25:00	57.895520	10.784535	276.904891	11.000000	10.527112	3.361732	30.023896	1485.687912	10.474465	10.964774	98.646400	10.638000	9.051613	0.313845	1.396518	201.498129	8.745682	3.176483	0.647023	-0.018466
2025.05.07	08:26:00	57.898661	10.784453	345.059621	11.000000	10.583310	3.358364	29.944402	1485.793724	10.437271	10.958427	98.767500	10.715500	9.051988	0.289142	1.364561	200.534024	8.712125	3.164232	0.659352	-0.017415
2025.05.07	08:27:00	57.901766	10.784383	320.824324	11.000000	10.592405	3.346066	29.815483	1485.670741	10.415955	10.960016	98.863333	10.750667	9.054209	0.285170	1.358751	201.081458	8.727630	3.161211	0.668500	-0.015483
2025.05.07	08:28:00	57.904856	10.784298	314.869565	11.000000	10.573784	3.316639	29.540209	1485.271672	10.420820	10.962182	98.896600	10.756800	9.062070	0.263217	1.339393	199.966642	8.721206	3.163469	0.616477	-0.016023
2025.05.07	08:29:00	57.907958	10.784210	358.381081	11.000000	10.560576	3.299292	29.379784	1485.030466	10.404386	11.012704	99.327333	10.746000	9.062551	0.230831	1.314835	200.148382	8.708470	3.157626	0.587920	-0.016080
2025.05.07	08:30:00	57.911059	10.784120	322.810811	11.000000	10.556789	3.288144	29.272898	1484.887825	10.399724	11.046693	99.610167	10.735833	9.061888	0.219442	1.317118	201.484831	8.743578	3.161576	0.603273	-0.018636
2025.05.07	08:31:00	57.914153	10.784041	336.264865	11.000000	10.550329	3.282958	29.226947	1484.809103	10.412559	11.044403	99.583000	10.733200	9.061968	0.207031	1.308687	200.303525	8.706033	3.160381	0.603273	-0.016989
2025.05.07	08:32:00	57.917226	10.783920	344.482385	10.945799	10.543152	3.280252	29.206031	1484.757897	10.457512	11.047792	99.605500	10.729500	9.061242	0.202725	1.304968	200.906368	8.743135	3.169478	0.618307	-0.015028
2025.05.07	08:33:00	57.920286	10.783805	358.518919	10.581081	10.578693	3.276291	29.138612	1484.804603	10.450030	11.046661	99.611333	10.736667	9.060650	0.207175	1.311029	200.090757	8.725636	3.164000	0.606614	-0.019858
2025.05.07	08:34:00	57.923332	10.783667	357.932432	10.537838	10.596759	3.262510	28.988614	1484.688672	10.436999	11.022035	99.459200	10.766800	9.060281	0.203150	1.300050	200.822147	8.726854	3.165760	0.605818	-0.022386
2025.05.07	08:35:00	57.926383	10.783528	352.451351	10.675676	10.583329	3.251848	28.894388	1484.526638	10.417926	11.006261	99.308167	10.762833	9.060470	0.199719	1.305466	198.707765	8.697063	3.160647	0.613534	-0.018125
2025.05.07	08:36:00	57.929437	10.783382	351.113821	11.000000	10.573621	3.244171	28.826567	1484.409789	10.442897	10.997520	99.220500	10.759333	9.060705	0.197058	1.296868	198.982590	8.707030	3.166922	0.634614	-0.018523
2025.05.07	08:37:00	57.932512	10.783259	358.389189	11.000000	10.572576	3.240408	28.790405	1484.362379	10.412644	10.994093	99.158000	10.745600	9.060791	0.199002	1.298147	198.736577	8.724639	3.172234	0.630716	-0.014375
2025.05.07	08:38:00	57.935582	10.783157	190.912329	11.000000	10.575709	3.238634	28.770497	1484.349672	10.377862	10.977664	99.056667	10.765833	9.060823	0.198142	1.295805	198.479483	8.765506	3.173595	0.632784	-0.014801
2025.05.07	08:39:00	57.938670	10.783329	1.661111	11.000000	10.546336	3.237274	28.780259	1484.255603	10.367377	10.968640	98.934200	10.748000	9.060840	0.203150	1.289057	198.851827	8.711792	3.168814	0.629761	-0.018409
2025.05.07	08:40:00	57.941744	10.783559	1.916667	11.000000	10.523319	3.240825	28.833390	1484.236655	10.366023	10.957504	98.774333	10.721833	9.061071	0.201153	1.298440	199.523376	8.728626	3.163768	0.647818	-0.013835
2025.05.07	08:41:00	57.944781	10.783791	1.705556	10.230556	10.512488	3.239727	28.831143	1484.194966	10.387012	10.954688	98.721500	10.710167	9.061341	0.198192	1.288768	198.636842	8.702711	3.153542	0.642170	-0.018040
2025.05.07	08:42:00	57.947015	10.784369	28.563889	5.280556	10.521932	3.250916	28.933860	1484.353018	10.399909	10.955040	98.723800	10.709600	9.060805	0.203160	1.299904	191.750695	8.644567	3.147599	0.643523	-0.020000
2025.05.07	08:43:00	57.947507	10.785382	105.458333	0.605556	10.535078	3.260368	29.016536	1484.500155	10.406690	10.945829	98.662833	10.719333	9.060025	0.211083	1.299471	197.196226	8.641356	3.147466	0.637000	-0.016307
2025.05.07	08:44:00	57.947524	10.785437	306.961111	0.000000	10.548076	3.269943	29.100510	1484.648379	10.401686	10.936240	98.588833	10.724833	9.059520	0.206314	1.298733	199.549972	8.651434	3.148197	0.625864	-0.016136
2025.05.07	08:45:00	57.947601	10.785224	308.219444	0.000000	10.551355	3.271143	29.109698	1484.671310	10.395528	10.936858	98.595400	10.725200	9.059240	0.211650	1.301496	198.424074	8.637590	3.141557	0.626102	-0.016023
2025.05.07	08:46:00	57.947714	10.785001	318.836111	0.000000	10.546074	3.272551	29.127795	1484.674086	10.392813	10.927744	98.543500	10.738667	9.059120	0.222659	1.304002	198.579218	8.615440	3.129937	0.623557	-0.017898
2025.05.07	08:47:00	57.947849	10.784779	320.594444	0.000000	10.541271	3.272338	29.129541	1484.658897	10.414413	10.921024	98.503333	10.747167	9.059237	0.235167	1.310175	198.958211	8.631166	3.138436	0.612023	-0.018097
2025.05.07	08:48:00	57.947994	10.784560	321.636111	0.000000	10.549075	3.266166	29.062511	1484.606070	10.404158	10.931610	98.575200	10.737200	9.059415	0.242301	1.303124	201.163462	8.640248	3.142553	0.624193	-0.015170
2025.05.07	08:49:00	57.948136	10.784342	321.666667	0.000000	10.557462	3.270016	29.093745	1484.674017	10.403751	10.935040	98.632000	10.748500	9.059136	0.245792	1.311332	200.870906	8.626626	3.134419	0.624273	-0.015398
2025.05.07	08:50:00	57.948277	10.784122	322.294444	0.000000	10.549262	3.274728	29.146716	1484.708362	10.417141	10.936390	98.637200	10.745200	9.058664	0.295923	1.327424	200.675869	8.609016	3.132892	0.670170	-0.015909
2025.05.07	08:51:00	57.948430	10.783895	322.675000	0.000000	10.556802	3.268451	29.078862	1484.653690	10.414323	10.935856	98.619167	10.739333	9.058491	0.295493	1.349382	199.680735	8.615329	3.123861	0.652114	-0.015909
2025.05.07	08:52:00	57.948557	10.783666	309.458333	0.000000	10.562028	3.267613	29.066438	1484.657500	10.407572	10.933776	98.613833	10.745333	9.058625	0.268600	1.383943	199.762740	8.595505	3.130900	0.633182	-0.016591
2025.05.07	08:53:00	57.948608	10.783446	279.758333	0.000000	10.559438	3.270269	29.094653	1484.682207	10.403672	10.930214	98.610800	10.758000	9.058820	0.260796	1.335329	198.860692	8.610235	3.126816	0.633977	-0.017102
2025.05.07	08:54:00	57.948590	10.783233	248.402778	0.000000	10.553719	3.271646	29.112782	1484.683509	10.402975	10.927696	98.569500	10.750000	9.059063	0.252733	1.316829	198.860692	8.575902	3.123164	0.624114	-0.019290
2025.05.07	08:55:00	57.948537	10.783034	237.950000	0.000000	10.551233	3.272054	29.118769	1484.681793	10.414526	10.935573	98.621833	10.741667	9.059603	0.261943	1.295512	199.811499	8.595173	3.126418	0.635489	-0.015767
2025.05.07	08:56:00	57.948473	10.782834	238.108333	0.000000	10.554662	3.272391	29.119359	1484.694845	10.415068	10.938541	98.645400	10.740600	9.059678	0.262933	1.287900	200.197141	8.588860	3.138403	0.637398	-0.015227
2025.05.07	08:57:00	57.948404	10.782623	234.502778	0.000000	10.561474	3.272543	29.115426	1484.714638	10.423380	10.946128	98.707000	10.737500	9.059745	0.252337	1.287314	200.839878	8.602482	3.125787	0.629523	-0.018267
2025.05.07	08:58:00	57.948328	10.782412	229.927778	0.000000	10.564984	3.270303	29.090571	1484.697276	10.446909	10.942144	98.694333	10.747667	9.059607	0.252592	1.283850	200.901935	8.642906	3.146006	0.628250	-0.016335
2025.05.07	08:59:00	57.948258	10.782198	237.275000	0.000000	10.574948	3.265509	29.035443	1484.666621	10.452899	10.948480	98.767200	10.754400	9.059633	0.238717	1.277360	200.644840	8.617877	3.136577	0.628250	-0.015710
2025.05.07	09:00:00	57.948193	10.781978	234.897222	0.000000	10.598663	3.253963	28.903051	1484.592211	10.447741	10.958219	98.895333	10.772167	9.059614	0.213350	1.274014	201.252116	8.627069	3.141125	0.612739	-0.017074
2025.05.07	09:01:00	57.948130	10.781728	243.563889	0.000000	10.592309	3.253378	28.902321	1484.568603	10.464467	10.953306	98.895400	10.791200	9.059593	0.201583	1.266528	200.786686	8.633049	3.141723	0.639227	-0.013864
2025.05.07	09:02:00	57.948069	10.781444	242.311111	0.000000	10.605912	3.249372	28.852188	1484.557069	10.440804	10.960528	98.949500	10.786333	9.059636	0.193517	1.271121	200.516293	8.635818	3.136278	0.605818	-0.013722
2025.05.07	09:03:00	57.947928	10.781110	220.725000	0.850000	10.595807	3.259148	28.956314	1484.646224	10.470714	10.959637	98.930333	10.781333	9.059406	0.186099	1.262722	198.818582	8.606580	3.147234	0.623636	-0.019972
2025.05.07	09:04:00	57.947005	10.780795	184.355556	5.055556	10.594781	3.258337	28.949141	1484.633879	10.442341	10.954080	98.865800	10.775400	9.059523	0.199146	1.273554	199.877989	8.664391	3.146869	0.640023	-0.022159
2025.05.07	09:05:00	57.944957	10.780647	181.266667	7.988889	10.608040	3.252220	28.878516	1484.596431	10.425436	10.961563	98.958000	10.786000	9.059570	0.192950	1.258682	201.225520	8.674137	3.162971	0.616239	-0.016477
2025.05.07	09:06:00	57.942442	10.780518	181.008333	9.000000	10.587174	3.245524	28.829167	1484.461737	10.400061	10.958539	98.920500	10.781333	9.059842	0.193698	1.255988	200.842094	8.712235	3.163568	0.635330	-0.017301
2025.05.07	09:07:00	57.939834	10.780403	180.741667	9.000000	10.555960	3.242134	28.820474	1484.338845	10.396209	10.964429	98.928000	10.761800	9.060532	0.196208	1.263311	201.272063	8.684880	3.161112	0.608841	-0.018295
2025.05.07	09:08:00	57.937213	10.780324	180.316667	9.000000	10.553978	3.241388	28.814710	1484.324741	10.408366	10.960219	98.873167	10.754333	9.060619	0.193124	1.253060	201.032699	8.671812	3.153907	0.619261	-0.015881
2025.05.07	09:09:00	57.934598	10.780312	178.522222	9.000000	10.547002	3.239926	28.805833	1484.288862	10.430542	10.953771	98.808667	10.751500	9.060800	0.192808	1.251739	203.118268	8.703708	3.164664	0.617273	-0.015852
2025.05.07	09:10:00	57.931987	10.780490	177.155556	9.000000	10.562431	3.237574	28.770521	1484.301897	10.456954	10.968256	98.927200	10.746400	9.061008	0.191690	1.247790	201.956910	8.690085	3.162440	0.624114	-0.014517
2025.05.07	09:11:00	57.929787	10.780973	148.825000	5.700000	10.580767	3.239166	28.771738	1484.369397	10.478641	10.971643	99.001000	10.765000	9.060609	0.195217	1.253475	212.123231	8.653870	3.144279	0.609080	-0.017727
2025.05.07	09:12:00	57.929496	10.782117	94.062842	1.393443	10.614086	3.243325	28.786332	1484.507053	10.490759	10.978650	99.091200	10.777200	9.059423	0.192981	1.251889	204.617350	8.627011	3.136238	0.593391	-0.017270
2025.05.07	09:13:00	57.930183	10.782180	202.827397	2.841096	10.624234	3.244473	28.789605	1484.547569	10.474023	10.987845	99.225500	10.799000	9.058541	0.181475	1.250293	198.610246	8.666496	3.148164	0.588644	-0.016580
2025.05.07	09:14:00	57.931108	10.782458	17.442667	2.536000	10.625297	3.245353	28.797424	1484.560690	10.496916	10.991728	99.262667	10.800167	9.059252	0.180507	1.251889	197.497647	8.679121	3.157792	0.605659	-0.018040
2025.05.07	09:15:00	57.931572	10.782880	41.984127	0.365079	10.635521	3.246103	28.796722	1484.596707	10.481337	10.988768	99.252000	10.806800	9.059278	0.186150	1.256657	199.707331	8.685102	3.162838	0.587045	-0.017727
2025.05.07	09:16:00	57.931661	10.783063	57.170667	0.000000	10.633552	3.245579	28.793140	1484.585259	10.478891	10.983392	99.215667	10.812667	9.059326	0.185955	1.247498	199.917883	8.689753	3.162008	0.589989	-0.017955
2025.05.07	09:17:00	57.931673	10.783073	249.232687	0.000000	10.626540	3.244953	28.792509	1484.559310	10.483096	10.984752	99.211500	10.805333	9.059326	0.189550	1.243639	199.787119	8.670815	3.158854	0.588159	-0.017386
2025.05.07	09:18:00	57.931679	10.782954	277.244444	0.000000	10.627449	3.245095	28.793202	1484.563368	10.483397	10.983078	99.211600	10.811800	9.059372	0.191117	1.231981	199.738360	8.701382	3.161477	0.601443	-0.015028
2025.05.07	09:19:00	57.931706	10.782764	285.525000	0.000000	10.631448	3.245527	28.794284	1484.579034	10.444403	10.982784	99.218833	10.816000	9.059326	0.202730	1.248961	199.909018	8.649883	3.142885	0.607568	-0.015483
2025.05.07	09:20:00	57.931742	10.782537	286.736111	0.000000	10.614426	3.244111	28.793791	1484.517190	10.446154	10.982187	99.190833	10.806333	9.059430	0.204850	1.242482	200.744575	8.671036	3.155866	0.620216	-0.016165
2025.05.07	09:21:00	57.931787	10.782307	285.261111	0.000000	10.592057	3.242440	28.795005	1484.438155	10.476099	10.977395	99.114200	10.791600	9.059706	0.222086	1.247790	200.494130	8.653095	3.149259	0.623398	-0.015909
2025.05.07	09:22:00	57.931780	10.782144	239.779006	0.000000	10.607566	3.243810	28.796245	1484.495500	10.488355	10.983317	99.143000	10.781167	9.059796	0.219300	1.244218	199.829230	8.641688	3.154604	0.616636	-0.020341
2025.05.07	09:23:00	57.931712	10.782072	193.077348	0.000000	10.622798	3.244994	28.795855	1484.549741	10.527269	10.987936	99.213600	10.793600	9.059692	0.219792	1.241057	200.161680	8.666274	3.153011	0.629602	-0.016790
2025.05.07	09:24:00	57.931618	10.782051	186.825000	0.000000	10.656063	3.247802	28.797211	1484.671018	10.484258	10.988587	99.277500	10.818833	9.059326	0.203858	1.239589	200.777820	8.654424	3.151417	0.590466	-0.019858
2025.05.07	09:25:00	57.931551	10.782026	199.046703	0.000000	10.646466	3.247159	28.798469	1484.638121	10.466704	10.987509	99.306667	10.835667	9.059326	0.186672	1.234616	200.121786	8.644899	3.158256	0.626739	-0.013409
2025.05.07	09:26:00	57.931505	10.781986	214.237705	0.000000	10.626788	3.245639	28.799048	1484.568052	10.475704	10.985907	99.256400	10.820000	9.059350	0.191108	1.236407	199.838095	8.641688	3.149259	0.611227	-0.017216
2025.05.07	09:27:00	57.931477	10.781940	229.600543	0.000000	10.617883	3.244979	28.799595	1484.536621	10.490417	10.989552	99.255833	10.805833	9.059570	0.194271	1.232273	201.236601	8.645342	3.143781	0.613534	-0.020540
2025.05.07	09:28:00	57.931469	10.781860	262.013624	0.000000	10.630317	3.246007	28.799888	1484.581672	10.459143	10.995227	99.297167	10.801333	9.059514	0.193658	1.223389	201.546888	8.644235	3.149790	0.626977	-0.018693
2025.05.07	09:29:00	57.931473	10.781744	275.504043	0.000000	10.619132	3.244972	28.798540	1484.539842	10.465972	10.990534	99.264200	10.805400	9.059502	0.193698	1.230517	200.480832	8.627512	3.145275	0.627455	-0.013466
2025.05.07	09:30:00	57.931489	10.781611	283.408108	0.000000	10.610576	3.244317	28.798824	1484.509448	10.488106	10.991173	99.249167	10.796333	9.059745	0.201025	1.236696	200.358933	8.616547	3.141424	0.634614	-0.016932
2025.05.07	09:31:00	57.931510	10.781461	278.064171	0.000000	10.620614	3.245227	28.799879	1484.546810	10.524280	10.990149	99.249000	10.800167	9.059593	0.204594	1.244863	200.509644	8.640580	3.142520	0.631273	-0.015795
2025.05.07	09:32:00	57.931521	10.781294	252.901596	0.013298	10.645852	3.247539	28.802684	1484.640983	10.532141	10.995360	99.321600	10.811400	9.059399	0.193092	1.232068	199.266281	8.621642	3.139432	0.623398	-0.016307
2025.05.07	09:33:00	57.931237	10.781829	134.229947	2.762032	10.667526	3.249474	28.804591	1484.721241	10.504738	10.990379	99.346500	10.841667	9.058824	0.192264	1.236372	197.267148	8.629394	3.144512	0.610830	-0.019602
2025.05.07	09:34:00	57.930061	10.782640	174.111111	5.355014	10.668510	3.249685	28.805881	1484.726362	10.497224	10.992013	99.376400	10.848400	9.058764	0.189267	1.230332	196.757392	8.646782	3.155501	0.605341	-0.015426
2025.05.07	09:35:00	57.928039	10.782616	180.100271	7.910569	10.647284	3.248983	28.815728	1484.661930	10.435593	10.997216	99.403333	10.839500	9.059122	0.186529	1.225833	201.311957	8.692079	3.160946	0.612739	-0.016875
2025.05.07	09:36:00	57.925522	10.782590	180.289189	9.000000	10.618216	3.249302	28.841786	1484.588741	10.495120	10.997803	99.384333	10.829000	9.059455	0.183033	1.223100	200.642624	8.706809	3.167154	0.604784	-0.015597
2025.05.07	09:37:00	57.922858	10.782238	186.147139	9.000000	10.613460	3.253187	28.883717	1484.622172	10.513133	11.002272	99.361800	10.801800	9.059636	0.192551	1.236080	200.970641	8.708027	3.176184	0.609318	-0.018949
2025.05.07	09:38:00	57.920152	10.781704	184.509383	9.000000	10.636843	3.262171	28.953481	1484.790517	10.536391	11.011952	99.469667	10.810500	9.059297	0.191108	1.226571	201.546888	8.735936	3.160514	0.603352	-0.017585
2025.05.07	09:39:00	57.917451	10.781299	184.099196	8.884718	10.655043	3.273610	29.051409	1484.974000	10.471943	11.020027	99.580833	10.826833	9.058997	0.190543	1.222612	201.143515	8.716665	3.179504	0.597625	-0.014517
2025.05.07	09:40:00	57.915232	10.780843	193.901857	5.803714	10.662695	3.288126	29.187978	1485.166069	10.458293	11.035686	99.783600	10.853800	9.058779	0.183175	1.217025	195.842046	8.679121	3.155036	0.582670	-0.015085
2025.05.07	09:41:00	57.914155	10.779971	209.126316	2.321053	10.611839	3.286735	29.214928	1485.015912	10.498514	11.044891	99.812333	10.830000	9.060115	0.186816	1.222905	200.241468	8.698281	3.159319	0.610670	-0.016250
2025.05.07	09:42:00	57.913761	10.779499	223.894180	0.523810	10.622750	3.288719	29.225731	1485.068155	10.523878	11.051179	99.821167	10.809167	9.060400	0.183231	1.234030	200.788902	8.702932	3.169080	0.588557	-0.012614
2025.05.07	09:43:00	57.913675	10.779258	257.764550	0.000000	10.653310	3.291604	29.229647	1485.182603	10.552714	11.057005	99.890400	10.816200	9.060115	0.181192	1.223968	200.857608	8.686209	3.164930	0.587920	-0.014375
2025.05.07	09:44:00	57.913681	10.779128	299.376316	0.000000	10.677222	3.293500	29.229174	1485.267845	10.544536	11.048672	99.875833	10.842500	9.059650	0.173769	1.218513	200.143949	8.688203	3.156995	0.588080	-0.015795
2025.05.07	09:45:00	57.913732	10.779053	320.450000	0.000000	10.693390	3.294610	29.227153	1485.323500	10.537247	11.045715	99.899000	10.864200	9.059215	0.169150	1.205743	200.633759	8.660847	3.166258	0.580205	-0.016733
2025.05.07	09:46:00	57.913809	10.778985	333.778947	0.000000	10.685779	3.294103	29.228260	1485.297569	10.549035	11.041147	99.871167	10.870167	9.059232	0.173195	1.212365	201.298659	8.666496	3.158721	0.587761	-0.017273
2025.05.07	09:47:00	57.913905	10.778918	259.157895	0.000000	10.682925	3.293852	29.228074	1485.287035	10.478106	11.041797	99.864333	10.864667	9.059387	0.177225	1.217893	200.948478	8.650769	3.150288	0.577261	-0.015881
2025.05.07	09:48:00	57.914013	10.778862	293.284960	0.000000	10.679197	3.297114	29.263129	1485.315948	10.424836	11.045062	99.899400	10.867000	9.059082	0.182945	1.217049	201.192275	8.673805	3.154007	0.604784	-0.015795
2025.05.07	09:49:00	57.914135	10.778803	331.015831	0.000000	10.598084	3.297807	29.334966	1485.111276	10.431709	11.077408	100.087167	10.821833	9.059650	0.236017	1.251450	200.225953	8.636925	3.156962	0.639148	-0.011222
2025.05.07	09:50:00	57.914271	10.778740	299.107895	0.000000	10.585990	3.292620	29.293567	1485.017897	10.423557	11.084219	100.067833	10.787167	9.060132	0.261513	1.246619	201.334120	8.664281	3.157559	0.651159	-0.017017
2025.05.07	09:51:00	57.914409	10.778639	324.826316	0.000000	10.579603	3.291353	29.286212	1484.985914	10.421880	11.078810	100.004200	10.780800	9.060180	0.259817	1.241325	201.121352	8.648554	3.150952	0.637239	-0.016335
2025.05.07	09:52:00	57.914536	10.778493	325.957895	0.000000	10.574959	3.291786	29.294214	1484.978983	10.418822	11.083109	100.016333	10.769000	9.059852	0.251620	1.255110	200.678085	8.648443	3.154571	0.621250	-0.016648
2025.05.07	09:53:00	57.914607	10.778357	237.957784	0.213720	10.570507	3.290375	29.283881	1484.950456	10.413706	11.088752	100.039000	10.757167	9.060334	0.257408	1.247979	199.891287	8.639251	3.151616	0.662216	-0.018040
2025.05.07	09:54:00	57.914084	10.778843	152.752632	3.489474	10.562884	3.289146	29.277883	1484.915793	10.473210	11.082240	99.980800	10.757200	9.060354	0.268108	1.241057	198.178061	8.648443	3.159950	0.666432	-0.015739
2025.05.07	09:55:00	57.912457	10.779539	174.023684	7.055263	10.590600	3.288368	29.248005	1484.979362	10.422307	11.077995	99.951667	10.761333	9.060821	0.256558	1.226571	197.745876	8.666828	3.157725	0.607568	-0.013892
2025.05.07	09:56:00	57.910114	10.779647	179.553476	8.689840	10.591486	3.288186	29.245490	1484.979569	10.463636	11.068432	99.888500	10.771167	9.060886	0.204164	1.225833	201.771376	8.733135	3.174174	0.621250	-0.018807
2025.05.07	09:57:00	57.907453	10.779555	181.002632	9.000000	10.583374	3.291970	29.289262	1485.003259	10.455791	11.067968	99.874400	10.766800	9.060991	0.199042	1.230621	203.483963	8.721095	3.186244	0.634455	-0.017386
2025.05.07	09:58:00	57.904731	10.779450	180.557895	9.000000	10.603240	3.302583	29.377871	1485.181569	10.567465	11.081525	100.013000	10.774167	9.060881	0.201583	1.222612	202.123135	8.724750	3.180202	0.627852	-0.015483
2025.05.07	09:59:00	57.902001	10.779390	179.984211	9.000000	10.640409	3.326967	29.588018	1485.568544	10.476364	11.060314	99.853600	10.787600	9.059800	0.210375	1.230621	202.774737	8.729180	3.185281	0.640500	-0.017017
2025.05.07	10:00:00	57.899490	10.779320	182.963158	7.439474	10.669771	3.361353	29.903100	1486.053914	10.450841	10.999797	99.415167	10.834667	9.051728	0.228681	1.242228	199.665221	8.718327	3.174624	0.647977	-0.018210
2025.05.07	10:01:00	57.897990	10.779288	151.731579	3.123684	10.615148	3.369877	30.031990	1486.013690	10.493778	10.986325	99.234333	10.809000	9.050872	0.258258	1.275171	207.085505	8.629395	3.156397	0.661341	-0.015227
2025.05.07	10:02:00	57.897653	10.780158	101.405263	1.165789	10.624116	3.373575	30.061126	1486.081000	10.427912	10.981856	99.161800	10.794800	9.050590	0.261657	1.288778	201.730844	8.676242	3.156497	0.645511	-0.017017
2025.05.07	10:03:00	57.897637	10.780679	83.402632	0.052632	10.609602	3.380590	30.142403	1486.127069	10.439386	10.979408	99.158667	10.803000	9.050532	0.257550	1.280957	201.296442	8.662398	3.163701	0.654341	-0.016960
2025.05.07	10:04:00	57.897662	10.780852	64.102632	0.000000	10.579898	3.381622	30.177159	1486.062569	10.475284	10.979205	99.115333	10.785333	9.050864	0.273843	1.288778	201.702031	8.667603	3.161377	0.646386	-0.015227
2025.05.07	10:05:00	57.897691	10.780915	175.723684	0.000000	10.604226	3.379191	30.133033	1486.096509	10.481633	10.984269	99.150200	10.780600	9.050579	0.271406	1.280581	201.823930	8.644124	3.150388	0.646784	-0.015568
2025.05.07	10:06:00	57.897713	10.780907	291.437666	0.000000	10.632198	3.379359	30.111602	1486.170862	10.437513	10.984907	99.194667	10.797333	9.049762	0.262083	1.281536	201.713113	8.660737	3.154505	0.629443	-0.019943
2025.05.07	10:07:00	57.897722	10.780869	269.578947	0.000000	10.608210	3.383723	30.174531	1486.160810	10.410738	10.977387	99.151667	10.808000	9.049653	0.290331	1.278531	200.221521	8.648444	3.146537	0.674705	-0.016080
2025.05.07	10:08:00	57.897736	10.780809	297.681579	0.000000	10.577340	3.384930	30.211998	1486.095431	10.405068	10.980634	99.109600	10.777200	9.049824	0.340142	1.276618	201.797334	8.662287	3.162539	0.690455	-0.020369
2025.05.07	10:09:00	57.897764	10.780720	300.860526	0.000000	10.566007	3.386286	30.234797	1486.082379	10.353372	10.978203	99.051667	10.761333	9.049171	0.404600	1.315713	200.330121	8.604586	3.143449	0.740886	-0.012216
2025.05.07	10:10:00	57.897802	10.780593	296.709763	0.000000	10.532260	3.390335	30.302898	1486.043431	10.316397	10.975258	98.994000	10.748200	9.049092	0.475433	1.394646	200.225953	8.622639	3.137606	0.748364	-0.017614
2025.05.07	10:11:00	57.897845	10.780468	296.913158	0.000000	10.498137	3.392161	30.349411	1485.977035	10.262284	10.981408	98.961167	10.709833	9.049401	0.548834	1.384222	200.263631	8.595173	3.132626	0.791000	-0.014659
2025.05.07	10:12:00	57.897888	10.780369	304.468421	0.000000	10.455728	3.394487	30.407859	1485.895276	10.234737	10.984731	98.926833	10.681833	9.050388	0.586075	1.385679	199.051297	8.593179	3.138270	0.787659	-0.016506
2025.05.07	10:13:00	57.897924	10.780273	299.394737	0.000000	10.410662	3.395860	30.459166	1485.795069	10.249149	10.989171	98.865200	10.637600	9.050218	0.623675	1.371633	199.115570	8.566378	3.125222	0.826000	-0.013608
2025.05.07	10:14:00	57.897958	10.780172	300.847368	0.000000	10.399583	3.394524	30.455155	1485.750466	10.273061	10.994245	98.845333	10.609333	9.050889	0.666973	1.362849	199.873556	8.578339	3.136510	0.812716	-0.019460
2025.05.07	10:15:00	57.897996	10.780066	301.305263	0.000000	10.414619	3.393672	30.434091	1485.779052	10.282928	10.995003	98.846000	10.606667	9.051034	0.639058	1.349807	199.383747	8.563941	3.133423	0.814705	-0.016222
2025.05.07	10:16:00	57.898041	10.779973	312.147368	0.000000	10.426026	3.394343	30.431217	1485.816724	10.305704	10.996237	98.877000	10.615400	9.050862	0.634858	1.340013	198.718847	8.536364	3.129738	0.840557	-0.017443
2025.05.07	10:17:00	57.898094	10.779896	321.805263	0.000000	10.441653	3.393670	30.411484	1485.849000	10.346090	10.994608	98.878167	10.622500	9.050731	0.653933	1.330425	199.337204	8.570918	3.122367	0.826477	-0.015966
2025.05.07	10:18:00	57.898149	10.779828	325.150000	0.000000	10.471617	3.394025	30.389993	1485.930828	10.325657	10.995317	98.925833	10.640167	9.050022	0.648908	1.338257	198.204657	8.543010	3.113270	0.829023	-0.017273
2025.05.07	10:19:00	57.898207	10.779757	324.157895	0.000000	10.484260	3.395078	30.389900	1485.976155	10.311725	10.986554	98.933200	10.677400	9.049561	0.619947	1.363728	198.169196	8.546775	3.115760	0.831330	-0.017955
2025.05.07	10:20:00	57.898269	10.779669	319.236842	0.000000	10.467850	3.396236	30.415091	1485.947603	10.262951	10.986491	98.904500	10.665167	9.049538	0.627725	1.372661	197.229471	8.522299	3.107427	0.848193	-0.018267
2025.05.07	10:21:00	57.898327	10.779590	276.233062	0.000000	10.445776	3.397538	30.446471	1485.906172	10.261516	10.986797	98.892400	10.658800	9.049397	0.645611	1.381587	194.818100	8.517119	3.106343	0.850189	-0.017250
2025.05.07	10:22:00	57.898054	10.779675	169.973615	1.915567	10.422359	3.399391	30.484493	1485.867862	10.357523	10.992080	98.872500	10.629500	9.049861	0.663425	1.365718	193.219965	8.488710	3.094576	0.839769	-0.016511
2025.05.07	10:23:00	57.896835	10.779681	182.478947	5.292105	10.450142	3.394175	30.409465	1485.877053	10.372551	11.002576	98.957167	10.625333	9.050695	0.648765	1.328888	194.074837	8.492033	3.102331	0.790456	-0.015361
2025.05.07	10:24:00	57.894990	10.779387	185.118421	6.755263	10.504293	3.388193	30.304916	1485.945379	10.359373	11.004762	99.061400	10.662000	9.051621	0.461806	1.316006	196.902259	8.535458	3.102417	0.707828	-0.015618
2025.05.07	10:25:00	57.892944	10.779024	184.113208	7.000000	10.509812	3.389949	30.317736	1485.980793	10.330803	11.006043	99.138167	10.690167	9.051057	0.329942	1.317118	198.546558	8.551623	3.122293	0.666846	-0.015082
2025.05.07	10:26:00	57.890758	10.778826	181.289894	7.000000	10.494729	3.393891	30.369400	1485.989000	10.369007	11.002731	99.106167	10.689333	9.050298	0.319006	1.306052	196.977212	8.544761	3.112087	0.665913	-0.014755
2025.05.07	10:27:00	57.888573	10.778713	180.894737	7.000000	10.492483	3.394741	30.379705	1485.993276	10.292749	10.998086	99.043400	10.680200	9.049841	0.323142	1.306704	197.589308	8.540328	3.118054	0.678553	-0.018644
2025.05.07	10:28:00	57.886371	10.778593	181.221053	7.013158	10.488895	3.395642	30.391631	1485.994897	10.260125	10.996384	99.040500	10.685667	9.048466	0.296496	1.297561	197.392392	8.554632	3.119324	0.664315	-0.016332
2025.05.07	10:29:00	57.884172	10.778476	181.211082	7.000000	10.440914	3.394810	30.423423	1485.860825	10.407691	10.991456	98.924667	10.654667	9.047437	0.278942	1.304100	194.829973	8.539141	3.121148	0.662489	-0.017962
2025.05.07	10:30:00	57.882057	10.778702	164.865435	6.575198	10.441640	3.394876	30.423488	1485.863466	10.507677	10.980237	98.734800	10.616000	9.047019	0.259649	1.306637	202.155746	8.573909	3.125488	0.639054	-0.016793
2025.05.07	10:31:00	57.880920	10.780352	98.555263	3.773684	10.614107	3.405299	30.382997	1486.433638	10.418493	10.966688	98.833000	10.711667	9.044967	0.229075	1.278932	204.450688	8.551769	3.117158	0.606744	-0.016389
2025.05.07	10:32:00	57.881218	10.781416	36.510526	1.344737	10.603205	3.408548	30.424245	1486.444362	10.288732	10.950522	98.837400	10.776800	9.043443	0.220222	1.281459	196.525468	8.555042	3.117129	0.611615	-0.016703
2025.05.07	10:33:00	57.881646	10.781452	311.026316	1.000000	10.518988	3.407472	30.483881	1486.214328	10.304951	10.944805	98.697667	10.738667	9.043493	0.223975	1.293975	195.455911	8.510966	3.113647	0.625722	-0.018167
2025.05.07	10:34:00	57.881920	10.781212	323.089474	0.381579	10.450733	3.403119	30.497774	1485.986017	10.410686	10.944821	98.554833	10.676167	9.044696	0.236280	1.292292	195.687056	8.537189	3.116078	0.627096	-0.019335
2025.05.07	10:35:00	57.882084	10.780910	307.536842	0.000000	10.506307	3.402126	30.441430	1486.117632	10.464357	10.949549	98.585800	10.671400	9.045027	0.238143	1.289364	194.489414	8.542470	3.113310	0.630989	-0.018451
2025.05.07	10:36:00	57.882177	10.780640	296.734211	0.000000	10.568386	3.405172	30.419834	1486.314276	10.462136	10.950123	98.707833	10.722000	9.044346	0.232617	1.291950	193.727664	8.551890	3.111508	0.633576	-0.013234
2025.05.07	10:37:00	57.882211	10.780445	278.134211	0.000000	10.599903	3.406965	30.411309	1486.416948	10.523220	10.946773	98.780167	10.766833	9.043901	0.225240	1.266820	195.269282	8.558720	3.114247	0.631370	-0.015625
2025.05.07	10:38:00	57.882196	10.780337	228.931579	0.000000	10.631316	3.409019	30.405478	1486.522466	10.322119	10.952064	98.850400	10.776800	9.043227	0.233892	1.267650	194.547304	8.536546	3.111254	0.639383	-0.017128
2025.05.07	10:39:00	57.882152	10.780286	207.707895	0.000000	10.610393	3.410612	30.438716	1486.487534	10.119268	10.942368	98.841333	10.810667	9.042851	0.254488	1.267699	195.096149	8.556360	3.117339	0.653587	-0.018832
2025.05.07	10:40:00	57.882100	10.780277	172.021053	0.000000	10.392924	3.408062	30.595481	1485.896138	10.060923	10.941029	98.545500	10.687000	9.042973	0.320875	1.302075	195.316775	8.552668	3.115670	0.714527	-0.016237
2025.05.07	10:41:00	57.882053	10.780327	142.860526	0.000000	10.281239	3.407386	30.682879	1485.599561	10.168441	10.923846	98.069400	10.546800	9.042917	0.401733	1.327717	193.877741	8.510781	3.108200	0.739589	-0.013972
2025.05.07	10:42:00	57.882019	10.780418	144.826316	0.000000	10.274784	3.409310	30.707569	1485.606121	10.179055	10.885957	97.598667	10.489667	9.041739	0.436900	1.369189	194.340357	8.524871	3.108076	0.742761	-0.017120
2025.05.07	10:43:00	57.881966	10.780273	243.807895	0.473684	10.316729	3.409489	30.673888	1485.716603	10.493886	10.888262	97.628800	10.494000	9.041894	0.418937	1.437799	193.835914	8.490467	3.106232	0.744160	-0.017340
2025.05.07	10:44:00	57.881611	10.779715	203.397368	1.871053	10.439943	3.401766	30.493574	1485.941948	10.408047	10.909147	97.925667	10.541667	9.044551	0.397375	1.398696	197.342257	8.475034	3.108777	0.692404	-0.018989
2025.05.07	10:45:00	57.881129	10.779459	195.023684	1.000000	10.610759	3.407539	30.407962	1486.451845	10.237730	10.952917	98.703000	10.709000	9.043954	0.276711	1.323325	196.425949	8.500904	3.102852	0.637372	-0.019495
2025.05.07	10:46:00	57.880891	10.779300	209.680739	0.060686	10.447909	3.407949	30.548167	1486.036776	10.411514	10.946029	98.643200	10.710200	9.043696	0.242817	1.302943	196.553839	8.531387	3.110076	0.669441	-0.015833
2025.05.07	10:47:00	57.880823	10.779185	218.807895	0.000000	10.478081	3.406844	30.511879	1486.101351	10.414391	10.949909	98.516667	10.639833	9.044209	0.253341	1.309858	196.696745	8.509603	3.105677	0.687598	-0.015699
2025.05.07	10:48:00	57.880797	10.779081	247.713158	0.000000	10.559250	3.412762	30.502655	1486.381569	10.246738	10.940709	98.575833	10.701500	9.042613	0.262373	1.295219	197.166622	8.512680	3.102260	0.677645	-0.016828
2025.05.07	10:49:00	57.880806	10.779020	228.634211	0.000000	10.509424	3.417493	30.591390	1486.310052	10.207670	10.921760	98.449200	10.721200	9.041117	0.288575	1.300050	197.814899	8.533445	3.107596	0.697946	-0.015842
2025.05.07	10:50:00	57.880828	10.778996	185.639474	0.000000	10.362579	3.420543	30.745381	1485.968379	10.407793	10.886997	97.911667	10.622833	9.040226	0.385961	1.319519	198.090358	8.531428	3.108165	0.758258	-0.012446
2025.05.07	10:51:00	57.880847	10.778979	205.728947	0.000000	10.463433	3.412163	30.577050	1486.127517	10.337748	10.905136	98.025167	10.600833	9.042738	0.389583	1.355014	196.294878	8.491983	3.099417	0.704170	-0.012527
2025.05.07	10:52:00	57.880875	10.778967	184.128947	0.000000	10.524379	3.417672	30.580593	1486.350621	10.177235	10.920243	98.352200	10.684600	9.040735	0.328182	1.384807	196.197152	8.455468	3.087788	0.711978	-0.016099
2025.05.07	10:53:00	57.880915	10.778965	175.113158	0.000000	10.434833	3.425030	30.729112	1486.208649	10.323341	10.895072	98.091167	10.669333	9.039542	0.362667	1.394357	196.342784	8.448284	3.088155	0.739717	-0.016022
2025.05.07	10:54:00	57.880963	10.778950	275.121053	0.000000	10.359395	3.426696	30.809550	1486.034517	10.524265	10.869222	97.649400	10.577800	9.040640	0.469261	1.358165	196.529602	8.476756	3.101916	0.755067	-0.015444
2025.05.07	10:55:00	57.881016	10.778915	260.684211	0.000000	10.576748	3.422112	30.580705	1486.538483	10.232468	10.912965	98.225667	10.657667	9.041059	0.423300	1.358196	195.427390	8.431313	3.087676	0.696967	-0.015082
2025.05.07	10:56:00	57.881074	10.778881	306.831579	0.000000	10.528262	3.434870	30.748100	1486.566862	10.350446	10.897984	98.280000	10.740667	9.037490	0.391266	1.489327	195.646850	8.443975	3.077929	0.746290	-0.015591
2025.05.07	10:57:00	57.881131	10.778832	301.097368	0.000000	10.454553	3.426775	30.729766	1486.280362	10.403607	10.878912	97.923800	10.659800	9.039357	0.481525	1.421261	195.825300	8.435656	3.079561	0.740923	-0.013599
2025.05.07	10:58:00	57.881187	10.778754	311.881579	0.000000	10.487847	3.427740	30.711283	1486.377517	10.359735	10.887035	98.012167	10.666500	9.039427	0.476717	1.392127	194.970077	8.422142	3.072131	0.746278	-0.017060
2025.05.07	10:59:00	57.881246	10.778670	315.052632	0.000000	10.572411	3.426623	30.629033	1486.581333	10.249814	10.893739	98.185167	10.716000	9.039117	0.468350	1.395225	194.330507	8.411045	3.077680	0.736478	-0.018472
2025.05.07	11:00:00	57.881242	10.778605	223.431579	0.355263	10.442376	3.429752	30.769653	1486.284724	10.236401	10.873702	97.940200	10.687600	9.038252	0.477577	1.446289	191.949531	8.357353	3.046377	0.755620	-0.019918
2025.05.07	11:01:00	57.880727	10.778574	181.897368	2.360526	10.432426	3.425687	30.737622	1486.210310	10.408528	10.866747	97.790000	10.649167	9.038777	0.523457	1.411449	190.922995	8.292131	3.040049	0.771141	-0.017204
2025.05.07	11:02:00	57.879715	10.778443	184.294737	3.742105	10.443352	3.416634	30.638448	1486.129517	10.304013	10.876469	97.832000	10.629500	9.041796	0.499942	1.462050	191.424647	8.319737	3.045734	0.716359	-0.017201
2025.05.07	11:03:00	57.878440	10.778247	184.028947	4.310526	10.515314	3.413074	30.542543	1486.272138	10.204101	10.922957	98.387600	10.689600	9.042986	0.334060	1.342355	191.045074	8.354483	3.049995	0.640277	-0.014787
2025.05.07	11:04:00	57.877038	10.778047	183.884211	5.000000	10.427226	3.408681	30.572786	1485.992105	10.159569	10.938779	98.476000	10.665667	9.044099	0.266050	1.304679	192.224990	8.355054	3.052005	0.662433	-0.015412
2025.05.07	11:05:00	57.875582	10.777843	183.602632	5.000000	10.352293	3.407540	30.624455	1485.785000	10.108545	10.944651	98.361167	10.592833	9.044520	0.279722	1.323325	192.247153	8.361065	3.050875	0.682202	-0.014681
2025.05.07	11:06:00	57.874103	10.777655	183.247368	5.000000	10.305098	3.412466	30.713433	1485.722569	10.106419	10.925235	98.099000	10.554400	9.043555	0.299908	1.335632	192.692838	8.360514	3.054537	0.681559	-0.017581
2025.05.07	11:07:00	57.872611	10.777483	182.839474	5.000000	10.272567	3.413501	30.751300	1485.651000	10.106325	10.913808	97.894500	10.510000	9.043874	0.291622	1.329181	192.063514	8.355810	3.063274	0.675277	-0.016676
2025.05.07	11:08:00	57.871054	10.777316	182.902632	5.555263	10.266836	3.414044	30.761564	1485.642793	10.121706	10.918176	97.868800	10.481600	9.044152	0.293392	1.347493	192.015670	8.340288	3.047394	0.696733	-0.015806
2025.05.07	11:09:00	57.869204	10.777118	182.792105	6.671053	10.270253	3.415346	30.771688	1485.667345	10.110896	10.915963	97.860000	10.486167	9.044193	0.282876	1.353188	191.476977	8.353200	3.050930	0.681634	-0.016720
2025.05.07	11:10:00	57.867201	10.776897	182.764706	7.000000	10.271089	3.420286	30.820346	1485.729298	10.119771	10.914379	97.824333	10.476833	9.043249	0.276392	1.362825	191.384798	8.339370	3.052074	0.686913	-0.014435
2025.05.07	11:11:00	57.865291	10.776703	184.058201	5.473545	10.269928	3.424805	30.866498	1485.781069	10.152468	10.908339	97.762200	10.473200	9.042670	0.267248	1.408522	189.737260	8.338356	3.049792	0.677923	-0.017885
2025.05.07	11:12:00	57.864045	10.776439	174.663158	2.676316	10.285805	3.428475	30.889664	1485.866448	10.354987	10.908869	97.777500	10.478167	9.042293	0.257069	1.355530	193.222340	8.337102	3.057234	0.706543	-0.017038
2025.05.07	11:13:00	57.863658	10.776649	146.181579	0.123684	10.357103	3.432002	30.864414	1486.092638	10.318122	10.903333	97.777667	10.500167	9.041794	0.261375	1.339682	192.715511	8.340613	3.052987	0.680370	-0.016522
2025.05.07	11:14:00	57.863597	10.776753	135.439474	0.000000	10.487583	3.436219	30.795795	1486.478672	10.521245	10.936243	98.336600	10.615000	9.040771	0.233125	1.316299	193.523920	8.370880	3.061566	0.648946	-0.016033
2025.05.07	11:15:00	57.863557	10.776820	143.726316	0.000000	10.537695	3.439483	30.785910	1486.646379	10.399264	10.924395	98.334333	10.660333	9.040205	0.224542	1.309307	194.222065	8.356404	3.056906	0.642600	-0.017056
2025.05.07	11:16:00	57.863534	10.776846	161.436842	0.000000	10.597895	3.444200	30.781879	1486.857263	10.344241	10.934341	98.620833	10.746167	9.038882	0.218788	1.304002	193.706767	8.358896	3.056693	0.645266	-0.014707
2025.05.07	11:17:00	57.863509	10.776841	188.771053	0.000000	10.529947	3.443562	30.832933	1486.675552	10.254849	10.910938	98.387000	10.736200	9.038787	0.234458	1.315093	193.991206	8.367279	3.046387	0.665298	-0.019176
2025.05.07	11:18:00	57.863475	10.776806	206.981579	0.000000	10.465278	3.443743	30.889505	1486.511983	10.181642	10.899664	98.186500	10.693167	9.038464	0.263520	1.306637	194.118724	8.363545	3.054440	0.677871	-0.018280
2025.05.07	11:19:00	57.863448	10.776746	235.713158	0.000000	10.391247	3.444268	30.957631	1486.328328	10.139196	10.881504	97.888200	10.634000	9.038206	0.292258	1.328979	194.846096	8.350339	3.057760	0.661043	-0.014755
2025.05.07	11:20:00	57.863438	10.776663	252.386842	0.000000	10.338841	3.442049	30.980122	1486.167103	10.076833	10.874037	97.680000	10.572333	9.039023	0.324454	1.337964	194.407071	8.374649	3.059716	0.693894	-0.019707
2025.05.07	11:21:00	57.863432	10.776578	253.276316	0.000000	10.270467	3.444001	31.058043	1486.015052	10.117162	10.866229	97.488500	10.519000	9.038512	0.342833	1.355304	194.169531	8.358034	3.060940	0.683468	-0.015160
2025.05.07	11:22:00	57.863414	10.776514	229.325269	0.000000	10.265811	3.443113	31.053116	1485.992439	10.080361	10.850861	97.290800	10.492600	9.039424	0.353846	1.354652	194.391647	8.370606	3.068304	0.694054	-0.015376
2025.05.07	11:23:00	57.863392	10.776475	228.051020	0.000000	10.257534	3.443210	31.061179	1485.972250	10.055964	10.862016	97.352250	10.475750	9.039424	0.350752	1.356244	194.391647	8.370606	3.068304	0.683667	-0.017695
2025.05.07	11:24:00	57.863394	10.776453	292.607053	0.000000	10.237178	3.444796	31.094493	1485.939167	10.025578	10.854464	97.252429	10.461571	9.038570	0.371909	1.357728	193.465372	8.360295	3.061916	0.700000	-0.015482
2025.05.07	11:25:00	57.863282	10.776569	187.413043	1.369565	10.205159	3.445824	31.132257	1485.869293	10.041245	10.849254	97.113000	10.420800	9.038161	0.408328	1.363435	190.680206	8.377438	3.055868	0.714000	-0.016458
2025.05.07	11:26:00	57.862189	10.776863	176.412195	5.424390	10.185326	3.443619	31.127188	1485.791517	10.285857	10.837344	96.973833	10.406500	9.038742	0.438175	1.379893	192.264884	8.359718	3.070542	0.717588	-0.016387
2025.05.07	11:27:00	57.860086	10.776998	178.301932	8.217391	10.314965	3.433587	30.916063	1486.003281	10.080833	10.884645	97.463667	10.435667	9.042069	0.368040	1.351431	194.512246	8.414872	3.078908	0.649833	-0.018125
2025.05.07	11:28:00	57.857520	10.776961	180.722222	9.000000	10.322045	3.439304	30.967072	1486.090776	10.041817	10.919699	97.980600	10.524200	9.040495	0.259533	1.343154	194.793720	8.439680	3.084386	0.641083	-0.017083
2025.05.07	11:29:00	57.854843	10.776875	180.004831	9.000000	10.209178	3.449223	31.162888	1485.921000	10.147512	10.880661	97.476833	10.457000	9.038884	0.256065	1.375439	194.514462	8.428605	3.081199	0.652167	-0.018958
2025.05.07	11:30:00	57.852151	10.776834	180.057971	9.000000	10.264788	3.450326	31.126195	1486.077155	10.238635	10.901555	97.623400	10.439400	9.041211	0.255567	1.384811	193.169148	8.418969	3.086412	0.649833	-0.014792
2025.05.07	11:31:00	57.849596	10.776892	176.618357	7.900966	10.310738	3.443202	31.015629	1486.108793	10.120612	10.919755	97.852000	10.468000	9.042046	0.259649	1.359043	194.698418	8.449315	3.095077	0.645167	-0.022292
2025.05.07	11:32:00	57.847840	10.777323	154.497585	4.062802	10.345957	3.447417	31.027662	1486.250172	10.260258	10.925072	98.045167	10.531500	9.041752	0.253158	1.352411	196.684253	8.404793	3.076717	0.661500	-0.017917
2025.05.07	11:33:00	57.847428	10.778009	95.007246	0.190821	10.288635	3.437044	30.972975	1485.977439	10.408764	10.934010	98.050000	10.498800	9.044167	0.258933	1.350260	193.430675	8.375777	3.076651	0.667917	-0.016042
2025.05.07	11:34:00	57.847430	10.778286	88.318841	0.000000	10.499360	3.441661	30.839881	1486.574086	10.371509	10.970789	98.564333	10.579000	9.043466	0.251458	1.343732	193.191311	8.391503	3.077282	0.667333	-0.016667
2025.05.07	11:35:00	57.847458	10.778490	72.338164	0.000000	10.502488	3.445917	30.879574	1486.633448	10.465066	10.966016	98.717333	10.664167	9.042472	0.245312	1.342941	194.401429	8.377770	3.068019	0.662667	-0.015833
2025.05.07	11:36:00	57.847479	10.778650	82.304348	0.000000	10.549526	3.450535	30.885616	1486.809362	10.081678	10.958131	98.711400	10.692200	9.041624	0.260667	1.350675	194.166498	8.400806	3.073663	0.667333	-0.017917
2025.05.07	11:37:00	57.847463	10.778761	124.833333	0.000000	10.498400	3.466152	31.084695	1486.866672	9.748681	10.942176	98.659167	10.732000	9.038275	0.275564	1.335329	194.354886	8.410442	3.071073	0.709917	-0.015833
2025.05.07	11:38:00	57.847414	10.778826	157.248792	0.000000	10.089960	3.491525	31.691547	1486.131345	9.855923	10.816581	97.057333	10.524833	9.032204	0.414493	1.393005	193.947081	8.399588	3.074194	0.804417	-0.016042
2025.05.07	11:39:00	57.847355	10.778840	174.746377	0.000000	10.027428	3.479236	31.622302	1485.821281	9.904672	10.784736	96.243600	10.291400	9.035801	0.535783	1.439196	192.978543	8.406344	3.080303	0.786333	-0.014792
2025.05.07	11:40:00	57.847296	10.778838	177.661836	0.000000	10.035728	3.477974	31.602322	1485.827138	9.943901	10.799707	96.340667	10.275333	9.036227	0.525320	1.441312	192.929784	8.391614	3.080502	0.780500	-0.015417
2025.05.07	11:41:00	57.847233	10.778825	197.125604	0.000000	10.080681	3.477415	31.557431	1485.935345	9.857641	10.814515	96.473800	10.276200	9.036461	0.518075	1.427914	192.781290	8.370793	3.080236	0.778750	-0.018125
2025.05.07	11:42:00	57.847170	10.778801	196.111111	0.000000	10.098671	3.482431	31.592307	1486.042672	9.760948	10.809461	96.503833	10.309000	9.034995	0.511127	1.431065	192.940866	8.383419	3.076286	0.779917	-0.017292
2025.05.07	11:43:00	57.847110	10.778790	162.778107	0.000000	9.943386	3.489859	31.803383	1485.736759	10.153775	10.761072	95.931000	10.246500	9.033409	0.533658	1.450479	191.897968	8.420836	3.081257	0.806063	-0.020348
2025.05.07	11:44:00	57.847209	10.779207	63.664198	1.370370	10.087965	3.457360	31.349756	1485.709298	10.200068	10.814016	96.347200	10.221800	9.041349	0.521449	1.447460	190.134988	8.385855	3.073065	0.731294	-0.014391
2025.05.07	11:45:00	57.847127	10.780519	123.970588	2.975490	10.246343	3.450810	31.147057	1486.035931	10.560207	10.909899	97.539500	10.369667	9.042160	0.405875	1.421839	186.451442	8.382533	3.073165	0.701167	-0.017083
2025.05.07	11:46:00	57.846209	10.781079	177.906863	4.090686	10.486379	3.432788	30.762717	1486.433914	10.432513	10.989125	98.561500	10.505833	9.045551	0.347107	1.395347	189.565390	8.409223	3.069214	0.669083	-0.019167
2025.05.07	11:47:00	57.844591	10.780755	188.326781	6.464373	10.601874	3.431566	30.653269	1486.716138	10.641171	11.024038	99.323400	10.700200	9.045386	0.266050	1.372082	191.830483	8.386630	3.080402	0.664417	-0.015625
2025.05.07	11:48:00	57.842412	10.780090	188.475845	8.000000	10.634102	3.428919	30.600038	1486.767086	10.829210	11.044427	99.612000	10.745500	9.045862	0.244595	1.377488	192.136337	8.393275	3.067952	0.634667	-0.016458
2025.05.07	11:49:00	57.840027	10.779354	189.586375	8.000000	10.892536	3.447617	30.568571	1487.650741	10.429110	11.039616	99.900167	10.888667	9.042449	0.227104	1.359043	191.741829	8.390950	3.070708	0.613083	-0.019375
2025.05.07	11:50:00	57.837614	10.778459	191.413043	8.000000	10.742009	3.431355	30.533849	1487.072614	10.532284	11.019725	99.923800	10.976600	9.043484	0.220008	1.328111	192.209476	8.407008	3.071737	0.621833	-0.013333
2025.05.07	11:51:00	57.835237	10.777500	191.727494	8.000000	10.644984	3.408176	30.385798	1486.547638	10.437039	11.039899	99.800167	10.844167	9.048676	0.241441	1.326839	192.493166	8.401582	3.068716	0.630583	-0.015208
2025.05.07	11:52:00	57.832889	10.776566	191.369565	7.719807	10.627772	3.402459	30.343557	1486.434983	10.428469	11.063130	99.991800	10.836200	9.050885	0.246075	1.292818	192.027736	8.392057	3.066126	0.652750	-0.014167
2025.05.07	11:53:00	57.830935	10.775791	194.541063	5.357488	10.590860	3.400443	30.354286	1486.315690	10.643584	11.083211	100.091167	10.801000	9.053946	0.281299	1.297269	188.257753	8.343438	3.039566	0.705250	-0.017083
2025.05.07	11:54:00	57.830194	10.774965	280.270531	1.118357	10.610274	3.396569	30.299914	1486.319552	11.095169	11.089744	100.117500	10.786833	9.054801	0.322008	1.306993	186.269702	8.321952	3.049427	0.695917	-0.018750
2025.05.07	11:55:00	57.830347	10.774728	159.195652	0.012077	10.922183	3.396942	30.046566	1487.127552	11.379814	11.100294	100.464800	10.895000	9.051714	0.301371	1.287900	189.381434	8.315529	3.048696	0.662667	-0.016875
2025.05.07	11:56:00	57.830524	10.774865	36.770531	0.000000	11.307739	3.411667	29.876240	1488.288719	11.159007	11.072080	100.961167	11.218000	9.045608	0.229075	1.251739	191.229856	8.354956	3.050157	0.611333	-0.019792
2025.05.07	11:57:00	57.830667	10.775101	122.676329	0.000000	11.415791	3.421800	29.887148	1488.682328	10.572528	11.040869	101.235333	11.458000	9.042926	0.199863	1.223490	191.903622	8.345653	3.044812	0.619500	-0.016667
2025.05.07	11:58:00	57.830833	10.775123	157.287440	0.000000	11.066198	3.419016	30.144816	1487.756862	10.717162	11.036179	101.040200	11.393000	9.045628	0.232900	1.242482	190.864161	8.347314	3.043152	0.668500	-0.016042
2025.05.07	11:59:00	57.831014	10.775211	24.060386	0.000000	10.835769	3.405501	30.201440	1487.006672	10.792167	11.049776	100.527667	11.119000	9.049432	0.316855	1.281459	190.458572	8.333581	3.048298	0.698250	-0.015417
2025.05.07	12:00:00	57.831152	10.775380	34.231884	0.000000	10.793347	3.404977	30.231326	1486.891345	10.959458	11.049221	100.350667	11.045000	9.049757	0.320450	1.290793	190.310078	8.358278	3.049493	0.705833	-0.015417
2025.05.07	12:01:00	57.831295	10.775491	93.826087	0.000000	11.051128	3.409269	30.061576	1487.603931	11.361388	11.057222	100.594200	11.118400	9.047938	0.288898	1.278239	190.709018	8.325829	3.049991	0.659750	-0.016875
2025.05.07	12:02:00	57.831341	10.775470	164.009662	0.000000	11.216475	3.411260	29.946405	1488.050456	11.486690	11.049195	100.807167	11.241333	9.045948	0.251033	1.259550	192.249370	8.345985	3.055901	0.658583	-0.017708
2025.05.07	12:03:00	57.831342	10.775475	136.669082	0.000000	11.464264	3.422881	29.858448	1488.818259	11.564899	11.037082	101.190000	11.453800	9.042374	0.213627	1.242813	191.535710	8.343438	3.042455	0.633500	-0.017292
2025.05.07	12:04:00	57.831343	10.775480	210.437956	0.000000	11.606050	3.431769	29.830067	1489.281362	11.576554	11.015451	101.415833	11.636667	9.039657	0.188823	1.208852	190.711234	8.337347	3.040828	0.594417	-0.015625
2025.05.07	12:05:00	57.831339	10.775442	236.157248	0.000000	11.664410	3.437271	29.836147	1489.492862	11.530450	11.004021	101.548333	11.738500	9.038630	0.170992	1.202561	189.563174	8.340558	3.031100	0.629000	-0.015042
2025.05.07	12:06:00	57.831134	10.775273	195.653563	1.238329	11.662976	3.437136	29.835988	1489.487638	11.369120	10.998816	101.615000	11.788000	9.038515	0.173625	1.205924	190.813186	8.321177	3.039102	0.619176	-0.015609
2025.05.07	12:07:00	57.830065	10.775043	184.066176	5.075980	11.636955	3.435113	29.837452	1489.398379	11.075836	10.999707	101.630000	11.791000	9.038792	0.180483	1.208636	191.713017	8.364037	3.046273	0.626500	-0.016875
2025.05.07	12:08:00	57.828246	10.774867	182.218137	6.725490	11.384368	3.422135	29.915761	1488.606000	10.895874	11.000197	101.400000	11.690000	9.041577	0.188680	1.217342	191.728531	8.384969	3.055934	0.648083	-0.016667
2025.05.07	12:09:00	57.826074	10.774674	182.254902	7.845588	11.153707	3.408332	29.968762	1487.855672	10.916790	11.027827	101.120000	11.460000	9.044492	0.205133	1.234961	191.271967	8.408338	3.062707	0.623583	-0.017083
2025.05.07	12:10:00	57.823661	10.774443	182.357143	8.605911	11.068005	3.396127	29.919416	1487.492983	10.895172	11.032005	100.847167	11.326500	9.046524	0.220652	1.247790	192.207259	8.394494	3.061877	0.631167	-0.015417
2025.05.07	12:11:00	57.821051	10.774196	182.497549	9.000000	11.054162	3.392196	29.892266	1487.411328	10.863104	11.034587	100.762167	11.279500	9.046582	0.215192	1.250871	192.120822	8.424839	3.064666	0.635833	-0.018958
2025.05.07	12:12:00	57.818716	10.773956	182.597173	9.000000	11.053971	3.391903	29.889559	1487.407373	10.719045	11.041306	100.742600	11.244800	9.046582	0.219742	1.260937	192.120822	8.424839	3.064666	0.631180	-0.019326
2025.05.07	12:13:00	57.815863	10.773656	182.678652	8.849438	10.972786	3.390815	29.945054	1487.185769	10.679694	11.037088	100.674167	11.231667	9.047299	0.219644	1.253777	192.733244	8.408994	3.078119	0.618270	-0.014842
2025.05.07	12:14:00	57.813639	10.772831	220.600950	5.485714	10.842551	3.385981	30.004012	1486.793158	10.710497	11.047418	100.500800	11.116600	9.047626	0.233699	1.267992	180.114945	8.355953	3.054108	0.631167	-0.015833
2025.05.07	12:15:00	57.813390	10.771458	301.730310	1.030952	10.826095	3.384599	30.003909	1486.734345	10.936642	11.055195	100.440000	11.060167	9.047923	0.229217	1.276618	189.310512	8.358611	3.054838	0.604917	-0.017708
2025.05.07	12:16:00	57.813542	10.771220	187.954654	0.000000	10.882053	3.382371	29.936372	1486.852414	11.141990	11.058256	100.449333	11.052000	9.047317	0.211189	1.259794	190.039685	8.343216	3.053046	0.617750	-0.014792
2025.05.07	12:17:00	57.813718	10.771336	29.692857	0.000000	11.199567	3.381680	29.672160	1487.661845	10.693306	11.038304	100.588400	11.190200	9.044576	0.197767	1.246532	190.425327	8.344988	3.056963	0.593833	-0.016042
2025.05.07	12:18:00	57.813872	10.771576	49.730952	0.000000	11.086698	3.395368	29.896981	1487.532017	10.529072	11.018485	100.727333	11.327667	9.043733	0.193267	1.225247	189.268401	8.347314	3.046638	0.599083	-0.018958
2025.05.07	12:19:00	57.813999	10.771807	130.071429	0.000000	10.758590	3.391288	30.125145	1486.639241	10.504714	11.041563	100.454833	11.119667	9.045379	0.235025	1.257236	192.191745	8.318962	3.043418	0.639917	-0.017292
2025.05.07	12:20:00	57.814019	10.771826	184.461905	0.000000	10.677007	3.397799	30.256695	1486.506456	10.971913	11.024250	99.941600	10.966400	9.044470	0.281155	1.285265	192.302562	8.345985	3.052647	0.648667	-0.015625
2025.05.07	12:21:00	57.814017	10.771821	229.580952	0.000000	10.810567	3.383418	30.005286	1486.680241	11.458152	11.020752	99.850833	10.940833	9.046617	0.293108	1.288479	192.881025	8.363927	3.055602	0.652750	-0.017083
2025.05.07	12:22:00	57.814015	10.771820	180.492857	0.000000	11.266029	3.378004	29.583279	1487.789655	11.476183	11.024725	100.445500	11.182167	9.044332	0.236136	1.235494	192.222774	8.326272	3.049460	0.599667	-0.020000
2025.05.07	12:23:00	57.814016	10.771817	164.958537	0.000000	11.524221	3.389342	29.486532	1488.583579	11.479828	10.989376	100.905600	11.519600	9.039938	0.179226	1.208480	192.639444	8.345874	3.042156	0.599627	-0.018178
2025.05.07	12:24:00	57.814015	10.771819	197.956298	0.000000	11.556267	3.392482	29.491300	1488.701793	11.503088	10.973904	101.042500	11.640167	9.038306	0.160083	1.205164	192.229739	8.333146	3.048511	0.602892	-0.018471
2025.05.07	12:25:00	57.814014	10.771822	149.666667	0.000000	11.591410	3.394464	29.482436	1488.814414	11.511172	10.966501	101.096333	11.693000	9.037929	0.161500	1.197643	192.741396	8.355067	3.050755	0.617692	-0.018319
2025.05.07	12:26:00	57.814012	10.771825	188.848039	0.000000	11.612907	3.395995	29.480098	1488.886914	11.515772	10.957530	101.116200	11.737200	9.037441	0.158284	1.195677	191.806103	8.324721	3.048497	0.592093	-0.016186
2025.05.07	12:27:00	57.814010	10.771838	119.321078	0.000000	11.625479	3.397026	29.480016	1488.930862	11.516777	10.953803	101.114167	11.751167	9.036879	0.157250	1.203718	191.834915	8.372897	3.049526	0.610556	-0.016450
2025.05.07	12:28:00	57.814010	10.771843	177.159314	0.000000	11.634888	3.397811	29.480097	1488.963897	11.468856	10.951219	101.134600	11.770600	9.036530	0.159431	1.202118	192.202827	8.364259	3.049958	0.609890	-0.017585
2025.05.07	12:29:00	57.814013	10.771840	249.509804	0.000000	11.614252	3.397807	29.496462	1488.911155	11.499881	10.949595	101.129167	11.774500	9.036635	0.157108	1.201693	190.567173	8.357614	3.036811	0.620025	-0.019139
2025.05.07	12:30:00	57.813990	10.771753	252.524510	0.384804	11.602123	3.396816	29.496556	1488.869414	11.520700	10.949904	101.099500	11.760500	9.036725	0.164475	1.199089	189.709452	8.346428	3.048032	0.610186	-0.015826
2025.05.07	12:31:00	57.813333	10.771324	193.171569	3.813725	11.627324	3.397825	29.486231	1488.945526	11.310438	10.943706	101.083200	11.778200	9.036419	0.160292	1.198605	191.797238	8.349197	3.041492	0.581233	-0.016771
2025.05.07	12:32:00	57.811746	10.771026	183.857843	6.267157	11.585950	3.401685	29.556372	1488.883655	10.992665	10.949216	101.128000	11.775500	9.036879	0.164475	1.191857	191.360620	8.374116	3.051784	0.620647	-0.018676
2025.05.07	12:33:00	57.809717	10.770664	184.931373	7.000000	11.326493	3.402311	29.770333	1488.227897	10.796746	10.973205	101.059333	11.650167	9.040121	0.181654	1.215586	192.202827	8.408227	3.057826	0.603941	-0.016688
2025.05.07	12:34:00	57.807525	10.770324	183.830882	7.840686	11.126234	3.399151	29.901733	1487.678017	10.815393	11.009114	100.910600	11.443800	9.043266	0.196492	1.241904	192.196178	8.403686	3.056963	0.614992	-0.016792
2025.05.07	12:35:00	57.805273	10.769978	184.735294	8.000000	10.986205	3.396229	29.992629	1487.289431	10.772803	11.043088	100.812167	11.267500	9.043964	0.203160	1.241349	192.424460	8.404794	3.058822	0.622525	-0.016774
2025.05.07	12:36:00	57.803008	10.769619	183.095588	7.892157	10.870231	3.402674	30.142330	1487.052263	11.033682	10.986981	100.080500	11.172500	9.042480	0.250043	1.267113	193.353104	8.397816	3.054307	0.637529	-0.015882
2025.05.07	12:37:00	57.800869	10.769731	172.681373	6.575980	11.053041	3.385244	29.825314	1487.326690	10.963449	11.027482	100.484200	11.187400	9.045162	0.235308	1.245375	192.958596	8.366031	3.060814	0.602415	-0.019625
2025.05.07	12:38:00	57.799168	10.770289	168.617647	5.110294	11.089738	3.386597	29.808750	1487.437052	11.218191	11.028416	100.697833	11.276167	9.044279	0.200723	1.239300	190.491817	8.353184	3.044414	0.598322	-0.016419
2025.05.07	12:39:00	57.797912	10.770441	188.941176	3.058824	11.207721	3.384670	29.694705	1487.717759	11.373258	11.030016	100.767400	11.299600	9.043809	0.197342	1.228596	188.408464	8.357060	3.049825	0.606294	-0.020672
2025.05.07	12:40:00	57.797363	10.770058	216.700980	0.659314	11.372309	3.384001	29.556134	1488.132638	11.528966	11.010816	100.931167	11.446167	9.041734	0.185669	1.241642	190.057416	8.363151	3.048032	0.585188	-0.016250
2025.05.07	12:41:00	57.797219	10.769810	247.230392	0.000000	11.509386	3.386063	29.465574	1488.511466	11.596251	10.991253	101.048667	11.574000	9.039366	0.182042	1.224836	190.310078	8.382422	3.050124	0.570882	-0.017836
2025.05.07	12:42:00	57.797219	10.769742	168.965686	0.000000	11.649100	3.393343	29.425095	1488.951316	11.596429	10.965965	101.123800	11.707000	9.036766	0.170328	1.208852	191.795021	8.329262	3.041990	0.562573	-0.015169
2025.05.07	12:43:00	57.797218	10.769746	192.536765	0.000000	11.695172	3.396848	29.423050	1489.106569	11.609187	10.952453	101.212167	11.799167	9.035797	0.157108	1.191568	191.260885	8.341887	3.026519	0.589941	-0.013917
2025.05.07	12:44:00	57.797212	10.769740	197.779412	0.000000	11.704502	3.397418	29.421117	1489.136983	11.604512	10.945621	101.221167	11.830167	9.035310	0.158428	1.189236	192.621714	8.355177	3.051054	0.595897	-0.018792
2025.05.07	12:45:00	57.797209	10.769740	210.436275	0.000000	11.719160	3.398460	29.419511	1489.186263	11.603091	10.944320	101.267200	11.855400	9.034852	0.157533	1.182600	191.916920	8.364591	3.046837	0.587942	-0.015437
2025.05.07	12:46:00	57.797209	10.769740	203.090686	0.000000	11.719312	3.398415	29.418972	1489.186103	11.610990	10.942059	101.264000	11.863333	9.034886	0.160148	1.191871	191.704152	8.357060	3.044746	0.602824	-0.016807
2025.05.07	12:47:00	57.797213	10.769742	150.107843	0.000000	11.721330	3.398411	29.417337	1489.191263	11.620815	10.940091	101.266167	11.871833	9.034779	0.161783	1.189254	192.213908	8.365256	3.035981	0.602237	-0.018445
2025.05.07	12:48:00	57.797213	10.769743	149.392157	0.000000	11.727733	3.398796	29.415965	1489.212018	11.626316	10.937184	101.263600	11.882200	9.034673	0.166457	1.190700	191.267534	8.354070	3.040695	0.606009	-0.019470
2025.05.07	12:49:00	57.797209	10.769744	183.818627	0.000000	11.740224	3.399596	29.413748	1489.253000	11.637354	10.935221	101.262500	11.889833	9.034424	0.165183	1.180864	190.230290	8.344767	3.031964	0.589353	-0.016496
2025.05.07	12:50:00	57.797157	10.769653	205.004902	0.590686	11.745678	3.399940	29.412747	1489.270828	11.619894	10.933901	101.264800	11.896000	9.034424	0.162350	1.191568	189.975412	8.319294	3.028942	0.609706	-0.014916
2025.05.07	12:51:00	57.796402	10.769280	188.254902	4.071078	11.752345	3.400409	29.411952	1489.293190	11.422549	10.934997	101.298500	11.906333	9.034441	0.157711	1.197434	194.629712	8.369353	3.049593	0.603661	-0.016492
2025.05.07	12:52:00	57.794749	10.769210	178.053922	6.424020	11.668681	3.399923	29.473602	1489.074345	11.159643	10.940725	101.303333	11.885500	9.035631	0.163200	1.195039	192.114173	8.376884	3.050489	0.612294	-0.016937
2025.05.07	12:53:00	57.792673	10.769354	177.311275	7.325980	11.448051	3.400254	29.652740	1488.514877	11.143099	10.959392	101.208200	11.769800	9.038773	0.182371	1.223198	192.537493	8.363151	3.053643	0.620550	-0.018298
2025.05.07	12:54:00	57.790422	10.769534	176.975369	8.000000	11.353376	3.393442	29.662679	1488.193690	10.923825	10.991659	101.134500	11.609667	9.041499	0.197200	1.230043	191.792805	8.375777	3.050390	0.634864	-0.017771
2025.05.07	12:55:00	57.788115	10.769703	177.718137	8.000000	11.184986	3.398757	29.850164	1487.824034	11.156532	11.011621	101.089667	11.511167	9.044447	0.200723	1.243399	191.963463	8.370018	3.051884	0.615765	-0.015189
2025.05.07	12:56:00	57.785790	10.769857	177.201456	7.849515	11.175903	3.380376	29.678586	1487.585931	11.204439	11.036691	101.033600	11.388000	9.045470	0.208250	1.238143	191.932434	8.363705	3.049427	0.611643	-0.016429
2025.05.07	12:57:00	57.783531	10.769986	178.793187	7.905109	11.295670	3.372954	29.510358	1487.807579	11.153778	11.009797	100.918667	11.444500	9.044029	0.202587	1.239007	191.648743	8.384637	3.062076	0.619500	-0.016042
2025.05.07	12:58:00	57.781486	10.770024	177.263285	5.876812	11.309802	3.371284	29.482876	1487.824448	11.145510	10.996997	100.902833	11.488333	9.044042	0.205598	1.242813	192.900972	8.378546	3.048995	0.610167	-0.019167
2025.05.07	12:59:00	57.780181	10.770388	153.512077	3.002415	11.251150	3.372394	29.540536	1487.686448	11.203146	11.007200	100.945000	11.466200	9.045455	0.211933	1.244218	193.237854	8.321288	3.032163	0.634083	-0.016042
2025.05.07	13:00:00	57.779716	10.771236	118.236715	1.185990	11.329428	3.371380	29.468148	1487.875983	10.992946	11.000752	100.903667	11.473667	9.044058	0.213770	1.246034	191.879242	8.339672	3.038039	0.611917	-0.016875
2025.05.07	13:01:00	57.779569	10.771826	116.190821	0.185990	11.239777	3.386364	29.685423	1487.820018	11.021999	11.007635	101.028200	11.500400	9.046681	0.207461	1.246327	191.701935	8.320070	3.039434	0.611917	-0.018333
2025.05.07	13:02:00	57.779512	10.772017	106.910628	0.000000	11.149952	3.380886	29.704403	1487.525138	11.055733	11.048080	101.139500	11.388500	9.048991	0.223833	1.271700	191.978977	8.324721	3.046538	0.632917	-0.015208
2025.05.07	13:03:00	57.779518	10.772081	226.548309	0.000000	11.159341	3.378614	29.674729	1487.522690	11.094101	11.053120	101.099833	11.351833	9.048914	0.219935	1.266235	192.089794	8.363705	3.050390	0.608417	-0.014583
2025.05.07	13:04:00	57.779512	10.772068	188.990338	0.000000	11.207857	3.375759	29.607914	1487.614241	10.981103	11.038822	101.023000	11.374800	9.047699	0.214342	1.250582	191.611066	8.336239	3.043484	0.617167	-0.021042
2025.05.07	13:05:00	57.779510	10.772063	187.980676	0.000000	11.170657	3.373243	29.613341	1487.489190	10.980628	11.034421	100.993833	11.379833	9.048043	0.216351	1.245155	191.489167	8.348754	3.037309	0.631750	-0.017708
2025.05.07	13:06:00	57.779510	10.772063	181.775362	0.000000	11.118384	3.371638	29.639772	1487.335690	10.967172	11.043611	100.967500	11.332333	9.049242	0.220858	1.252896	191.041468	8.303789	3.034653	0.642250	-0.016875
2025.05.07	13:07:00	57.779508	10.772064	161.929782	0.000000	11.103270	3.373270	29.667839	1487.315754	10.993931	11.045504	100.943400	11.314800	9.049701	0.226387	1.261258	191.896973	8.331034	3.047202	0.637583	-0.016667
2025.05.07	13:08:00	57.779511	10.772066	168.652174	0.000000	11.122790	3.370229	29.622512	1487.330569	10.952878	11.047904	100.943167	11.305167	9.049516	0.226525	1.273436	192.615065	8.342220	3.037176	0.632333	-0.019167
2025.05.07	13:09:00	57.779512	10.772068	185.804348	0.000000	11.097171	3.370616	29.646895	1487.268983	10.932906	11.045429	100.919167	11.304500	9.049736	0.224523	1.252475	190.166016	8.349529	3.033790	0.639917	-0.020208
2025.05.07	13:10:00	57.779446	10.772072	156.043478	0.586957	11.077433	3.376250	29.717766	1487.284121	10.951384	11.060442	100.987000	11.274600	9.050896	0.226525	1.266493	189.532145	8.265470	3.031499	0.651583	-0.019375
2025.05.07	13:11:00	57.778609	10.771951	184.775362	4.352657	11.066602	3.378831	29.751698	1487.286534	10.926439	11.077664	101.123833	11.266000	9.051819	0.231692	1.271212	191.225424	8.307112	3.038670	0.653917	-0.018750
2025.05.07	13:12:00	57.776888	10.771662	184.370460	6.595642	11.075907	3.375704	29.713652	1487.273793	10.868986	11.075610	101.084400	11.257000	9.050928	0.233183	1.257814	189.871244	8.321509	3.030768	0.662083	-0.020208
2025.05.07	13:13:00	57.774768	10.771327	184.200483	7.623188	11.036186	3.378718	29.775216	1487.206772	10.843474	11.070395	101.033333	11.255500	9.052208	0.230831	1.275311	191.037035	8.331366	3.043750	0.667333	-0.015208
2025.05.07	13:14:00	57.772489	10.770928	186.227053	8.000000	10.989747	3.381783	29.842819	1487.123121	10.848668	11.090629	101.117500	11.212500	9.053427	0.240975	1.279221	190.447491	8.364259	3.048896	0.658000	-0.014375
2025.05.07	13:15:00	57.770162	10.770340	187.384058	8.000000	10.983822	3.376528	29.796241	1487.046069	10.814268	11.095821	101.109400	11.188800	9.053458	0.254058	1.273554	190.591552	8.343438	3.046870	0.666750	-0.018542
2025.05.07	13:16:00	57.767822	10.769719	187.640097	8.000000	10.969603	3.369481	29.738838	1486.926431	10.794719	11.096379	101.073167	11.170833	9.052892	0.265528	1.292877	190.236939	8.295926	3.039102	0.664417	-0.016458
2025.05.07	13:17:00	57.765489	10.769139	185.811594	7.838164	10.942617	3.363843	29.705528	1486.790276	10.743369	11.095867	101.033500	11.156000	9.053761	0.267750	1.295132	191.185530	8.286291	3.022634	0.669667	-0.018958
2025.05.07	13:18:00	57.763409	10.769020	178.214976	6.135266	10.901195	3.361742	29.718491	1486.658404	10.788567	11.087360	100.892400	11.128800	9.054133	0.279292	1.312200	189.767076	8.251294	3.018352	0.671417	-0.013750
2025.05.07	13:19:00	57.761985	10.768840	194.222222	3.304348	10.881716	3.360933	29.726347	1486.598362	10.833197	11.078320	100.722000	11.091000	9.053932	0.301183	1.312489	186.542311	8.241659	3.002748	0.667917	-0.017292
2025.05.07	13:20:00	57.761393	10.768214	231.654589	1.272947	10.943878	3.355375	29.621671	1486.693914	11.012755	11.044645	100.447333	11.104667	9.051731	0.293055	1.294341	186.172184	8.211424	3.000756	0.649833	-0.016458
2025.05.07	13:21:00	57.761256	10.767731	262.954106	0.070048	10.994879	3.355374	29.580591	1486.825931	11.145303	11.019584	100.301200	11.139800	9.050698	0.272708	1.279511	187.583988	8.242877	3.001752	0.618917	-0.017292
2025.05.07	13:22:00	57.761264	10.767636	189.973430	0.000000	11.159152	3.361033	29.503819	1487.316828	11.126588	11.010581	100.475000	11.250167	9.048008	0.239577	1.259208	189.029037	8.237893	3.001984	0.617167	-0.018333
2025.05.07	13:23:00	57.761260	10.767637	218.983092	0.000000	11.229372	3.366216	29.497978	1487.558414	11.152530	11.001779	100.631000	11.352400	9.046663	0.224117	1.233514	189.649611	8.249079	3.009022	0.608417	-0.017500
2025.05.07	13:24:00	57.761253	10.767629	225.586957	0.000000	11.265951	3.367522	29.481409	1487.667912	11.113077	10.999317	100.713333	11.397167	9.045636	0.222229	1.241057	189.698370	8.253509	3.013571	0.624750	-0.017292
2025.05.07	13:25:00	57.761247	10.767624	225.970944	0.000000	11.252676	3.367203	29.488924	1487.630034	11.108366	10.992203	100.704000	11.421667	9.045625	0.218733	1.230621	189.408030	8.253509	3.007462	0.613083	-0.018750
2025.05.07	13:26:00	57.761249	10.767631	140.760870	0.000000	11.227095	3.365917	29.496884	1487.549017	11.114054	10.989702	100.666200	11.415200	9.046281	0.223376	1.249254	189.035686	8.214747	2.999959	0.621833	-0.016458
2025.05.07	13:27:00	57.761250	10.767635	191.800487	0.000000	11.239529	3.366523	29.492843	1487.588155	11.098055	10.989061	100.646833	11.409167	9.046037	0.218733	1.234671	188.650044	8.218733	2.999262	0.622417	-0.013958
2025.05.07	13:28:00	57.761253	10.767621	221.287440	0.000000	11.229509	3.366571	29.501314	1487.562931	11.065635	10.990315	100.656000	11.408333	9.046340	0.223519	1.246619	187.094178	8.235235	3.004009	0.620083	-0.019375
2025.05.07	13:29:00	57.761062	10.767178	227.985507	1.789855	11.217093	3.366949	29.514926	1487.535310	10.933530	10.988371	100.628200	11.404000	9.046574	0.224542	1.244796	186.945684	8.182518	2.981466	0.639917	-0.015833
2025.05.07	13:30:00	57.760291	10.765842	220.427536	4.541063	11.159007	3.366568	29.557761	1487.381070	10.845413	10.984763	100.543333	11.381500	9.047392	0.226243	1.257452	187.590637	8.198245	2.984952	0.649833	-0.015000
2025.05.07	13:31:00	57.758875	10.763644	218.756039	7.671498	11.045024	3.362231	29.607114	1487.036086	10.802009	10.981808	100.357833	11.312833	9.049339	0.240724	1.266235	187.903140	8.187945	2.987310	0.655083	-0.016458
2025.05.07	13:32:00	57.756877	10.760596	218.770531	9.480676	10.981453	3.359444	29.631128	1486.839052	10.787142	10.986426	100.208800	11.230400	9.050312	0.256275	1.261575	189.177532	8.266577	3.014733	0.660333	-0.017500
2025.05.07	13:33:00	57.754683	10.757274	218.270531	10.000000	10.951757	3.358913	29.649910	1486.755931	10.763922	10.998987	100.195667	11.175167	9.051367	0.271693	1.253060	187.677074	8.256942	3.018186	0.680750	-0.017083
2025.05.07	13:34:00	57.752452	10.753906	218.553140	10.000000	10.926912	3.357765	29.658743	1486.678155	10.771417	11.004976	100.178500	11.144000	9.051828	0.288717	1.262443	187.510849	8.261372	3.013538	0.683083	-0.015208
2025.05.07	13:35:00	57.750208	10.750538	218.065217	10.000000	10.913243	3.355815	29.650693	1486.619655	10.745862	11.001184	100.086000	11.119200	9.052002	0.284596	1.256573	187.289216	8.235014	3.014899	0.673750	-0.017083
2025.05.07	13:36:00	57.747955	10.747164	218.224638	10.000000	10.904061	3.352221	29.622914	1486.553579	10.748709	11.011285	100.176167	11.118500	9.052660	0.284183	1.267071	186.806055	8.227815	3.014202	0.692417	-0.015625
2025.05.07	13:37:00	57.745703	10.743793	218.067633	10.000000	10.894422	3.352026	29.628797	1486.526293	10.750500	11.028986	100.301200	11.103000	9.052553	0.291048	1.278824	186.484687	8.202232	3.001586	0.673750	-0.016667
2025.05.07	13:38:00	57.743448	10.740427	218.212560	10.000000	10.889138	3.354019	29.652590	1486.536190	10.764278	11.020597	100.202667	11.093333	9.052270	0.288858	1.265625	186.085747	8.219398	3.006732	0.674917	-0.019583
2025.05.07	13:39:00	57.741194	10.737065	217.956204	10.000000	10.898104	3.351229	29.618021	1486.526446	10.781290	11.011152	100.122833	11.095833	9.052070	0.291478	1.259208	186.435927	8.214525	3.003046	0.666167	-0.016667
2025.05.07	13:40:00	57.738920	10.733687	218.053140	10.000000	10.910834	3.346717	29.563581	1486.506293	10.809582	11.010278	100.127800	11.101400	9.052417	0.277383	1.248557	185.737782	8.206994	3.004109	0.676083	-0.017292
2025.05.07	13:41:00	57.736647	10.730300	217.913043	10.000000	10.929683	3.346330	29.544621	1486.550724	10.820865	11.030971	100.343000	11.113167	9.052180	0.269542	1.251011	185.476255	8.242323	2.994381	0.656833	-0.019375
2025.05.07	13:42:00	57.734359	10.726920	217.886473	10.000000	10.943816	3.344355	29.513935	1486.564070	10.836213	11.028533	100.357500	11.129167	9.051899	0.270867	1.254343	185.126074	8.224603	3.006997	0.639917	-0.015625
2025.05.07	13:43:00	57.732144	10.723377	223.717391	10.000000	10.971133	3.340019	29.449647	1486.584000	10.830581	11.042086	100.505600	11.139600	9.051655	0.270116	1.281459	183.271003	8.203118	2.991792	0.644000	-0.017292
2025.05.07	13:44:00	57.730154	10.719382	227.016908	10.000000	10.952674	3.337843	29.443162	1486.510414	11.020569	11.036251	100.487000	11.154667	9.051777	0.265483	1.279511	186.096828	8.171665	2.993153	0.624167	-0.017083
2025.05.07	13:45:00	57.728176	10.715331	227.072464	10.000000	11.045778	3.336414	29.354750	1486.735500	11.014545	11.043173	100.575833	11.165667	9.050847	0.265384	1.279410	185.520582	8.209209	2.985583	0.624167	-0.017500
2025.05.07	13:46:00	57.726350	10.711049	235.456522	10.000000	11.139809	3.341552	29.329791	1487.039379	10.982738	11.032422	100.721600	11.270600	9.048731	0.248180	1.265942	183.062668	8.177424	2.989700	0.625333	-0.016667
2025.05.07	13:47:00	57.724851	10.706327	241.666667	10.000000	11.111572	3.338277	29.320426	1486.927914	11.019948	11.027173	100.738500	11.298333	9.049160	0.240975	1.264757	183.277652	8.174101	2.989401	0.625917	-0.016042
2025.05.07	13:48:00	57.723740	10.701247	252.785024	10.000000	11.159705	3.339997	29.298851	1487.072754	11.052057	11.028486	100.759600	11.302400	9.048206	0.240724	1.247498	180.974882	8.150955	2.975856	0.617750	-0.015625
2025.05.07	13:49:00	57.723081	10.695876	257.449275	10.000000	11.126307	3.338148	29.307466	1486.964638	11.065736	11.026853	100.797000	11.324667	9.048125	0.249192	1.254054	184.166402	8.173658	2.975258	0.637583	-0.020000
2025.05.07	13:50:00	57.722466	10.690460	257.862319	10.000000	11.199166	3.339319	29.260917	1487.167052	10.859235	11.031979	100.885167	11.342333	9.046889	0.241584	1.252475	184.097696	8.181854	2.982628	0.623000	-0.015000
2025.05.07	13:51:00	57.721864	10.685036	257.908213	10.000000	11.136003	3.338988	29.307934	1486.999552	10.811662	11.041306	100.988400	11.350400	9.047390	0.242301	1.268870	184.385819	8.191710	2.973996	0.628833	-0.015208
2025.05.07	13:52:00	57.721258	10.679607	257.917874	10.000000	10.997779	3.337893	29.407548	1486.628224	10.829038	11.074437	101.093000	11.265333	9.050312	0.264811	1.291120	183.707621	8.191378	2.972436	0.638167	-0.015625
2025.05.07	13:53:00	57.720682	10.674157	258.886473	10.000000	10.979924	3.334393	29.387653	1486.540776	10.912152	11.077851	100.981167	11.204000	9.050381	0.272283	1.274304	183.767462	8.136446	2.972934	0.646917	-0.017708
2025.05.07	13:54:00	57.720126	10.668679	258.917874	10.000000	10.991067	3.345086	29.483139	1486.695211	10.984642	11.078528	100.941600	11.184400	9.050645	0.278431	1.289657	184.033422	8.157599	2.980470	0.653333	-0.013333
2025.05.07	13:55:00	57.719569	10.663185	258.951691	10.000000	11.069388	3.344029	29.410098	1486.885914	11.085713	11.055312	100.811667	11.219500	9.047746	0.283900	1.279800	184.345925	8.125704	2.980769	0.638750	-0.018125
2025.05.07	13:56:00	57.719009	10.657672	258.971014	10.000000	11.144562	3.344369	29.353428	1487.084552	11.159922	11.040501	100.812500	11.278000	9.045894	0.264381	1.253939	184.288300	8.159704	2.978678	0.645167	-0.016042
2025.05.07	13:57:00	57.718456	10.652149	259.000000	10.000000	11.225641	3.340928	29.255550	1487.254362	11.141101	11.026138	100.886200	11.366200	9.044565	0.252733	1.262732	183.940336	8.146746	2.974627	0.638750	-0.020208
2025.05.07	13:58:00	57.717904	10.646640	258.864734	10.000000	11.283267	3.341720	29.217550	1487.412707	11.125354	11.015339	100.906167	11.417500	9.043107	0.245169	1.243984	185.032988	8.188609	2.980470	0.631167	-0.013333
2025.05.07	13:59:00	57.717341	10.641124	258.702179	10.000000	11.240045	3.349882	29.330955	1487.395879	11.065887	11.007034	100.875000	11.436600	9.043184	0.229971	1.245448	184.419064	8.150401	2.979043	0.642833	-0.017083
2025.05.07	14:00:00	57.716762	10.635622	258.045894	10.000000	11.284363	3.361299	29.406526	1487.643070	10.811897	11.004192	100.845833	11.435333	9.041626	0.225957	1.262136	185.221377	8.177756	2.977582	0.633500	-0.015833
2025.05.07	14:01:00	57.716171	10.630173	258.000000	10.000000	11.102155	3.402191	29.950986	1487.651931	11.074186	11.056427	101.199000	11.381333	9.045763	0.215920	1.230224	185.310030	8.177313	2.978844	0.631750	-0.017917
2025.05.07	14:02:00	57.715567	10.624883	256.997579	10.000000	11.070440	3.396422	29.920402	1487.502793	11.025400	11.114784	101.489200	11.277200	9.047072	0.222842	1.239879	184.873412	8.143866	2.979242	0.632917	-0.017708
2025.05.07	14:03:00	57.714922	10.619660	256.190821	10.000000	11.198564	3.401724	29.868003	1487.893638	10.987103	11.097957	101.472833	11.336000	9.044490	0.207748	1.234616	184.064451	8.118283	2.960550	0.616000	-0.015417
2025.05.07	14:04:00	57.714254	10.614450	255.736715	9.683575	11.137126	3.421850	30.114169	1487.971966	11.149859	11.120219	101.714000	11.352000	9.046264	0.199892	1.225414	184.122075	8.139658	2.966759	0.620083	-0.019792
2025.05.07	14:05:00	57.713653	10.609548	257.656174	8.987893	11.195384	3.422422	30.072121	1488.127379	11.293154	11.127411	101.766200	11.346200	9.045204	0.202157	1.217928	183.419498	8.125482	2.980304	0.608417	-0.016458
