"Series Data"
"C:\Users\Hp\Downloads\0507\OC4920_2025_2_20250507T090035_003_000000.LTA"
"Broadband 153.6 kHz"
"Pings/Ens ="	77
"Time/Ping = 00:00.00"
"First Ensemble Date = 25/05/07"
"First Ensemble Time = 09:00:53.06"
"Ensemble Interval (s) = "	300,04
"1st Bin Range (m) = "	12,22
"Bin Size (m) ="	4,00


Ens	YR	MO	DA	HH	MM	SS	HH		"Eas"	"Eas"	"Eas"	"Eas"	"Eas"	"Eas"	"Eas"	"Eas"	"Eas"	"Eas"	"Eas"	"Eas"	"Eas"	"Eas"	"Eas"	"Eas"	"Eas"	"Eas"	"Eas"	"Eas"	"Nor"	"Nor"	"Nor"	"Nor"	"Nor"	"Nor"	"Nor"	"Nor"	"Nor"	"Nor"	"Nor"	"Nor"	"Nor"	"Nor"	"Nor"	"Nor"	"Nor"	"Nor"	"Nor"	"Nor"	"Mag"	"Mag"	"Mag"	"Mag"	"Mag"	"Mag"	"Mag"	"Mag"	"Mag"	"Mag"	"Mag"	"Mag"	"Mag"	"Mag"	"Mag"	"Mag"	"Mag"	"Mag"	"Mag"	"Mag"	"Dir"	"Dir"	"Dir"	"Dir"	"Dir"	"Dir"	"Dir"	"Dir"	"Dir"	"Dir"	"Dir"	"Dir"	"Dir"	"Dir"	"Dir"	"Dir"	"Dir"	"Dir"	"Dir"	"Dir"	    "FLat"	    "FLon"	    "LLat"	    "LLon"
									"mm/s"	"mm/s"	"mm/s"	"mm/s"	"mm/s"	"mm/s"	"mm/s"	"mm/s"	"mm/s"	"mm/s"	"mm/s"	"mm/s"	"mm/s"	"mm/s"	"mm/s"	"mm/s"	"mm/s"	"mm/s"	"mm/s"	"mm/s"	"mm/s"	"mm/s"	"mm/s"	"mm/s"	"mm/s"	"mm/s"	"mm/s"	"mm/s"	"mm/s"	"mm/s"	"mm/s"	"mm/s"	"mm/s"	"mm/s"	"mm/s"	"mm/s"	"mm/s"	"mm/s"	"mm/s"	"mm/s"	"mm/s"	"mm/s"	"mm/s"	"mm/s"	"mm/s"	"mm/s"	"mm/s"	"mm/s"	"mm/s"	"mm/s"	"mm/s"	"mm/s"	"mm/s"	"mm/s"	"mm/s"	"mm/s"	"mm/s"	"mm/s"	"mm/s"	"mm/s"	"deg"	"deg"	"deg"	"deg"	"deg"	"deg"	"deg"	"deg"	"deg"	"deg"	"deg"	"deg"	"deg"	"deg"	"deg"	"deg"	"deg"	"deg"	"deg"	"deg"	     "deg"	     "deg"	     "deg"	     "deg"
									1	2	3	4	5	6	7	8	9	10	11	12	13	14	15	16	17	18	19	20	1	2	3	4	5	6	7	8	9	10	11	12	13	14	15	16	17	18	19	20	1	2	3	4	5	6	7	8	9	10	11	12	13	14	15	16	17	18	19	20	1	2	3	4	5	6	7	8	9	10	11	12	13	14	15	16	17	18	19	20

1	25	05	07	09	00	53	06																																																																																		57,72042604	10,60096242	57,71496397	10,59561141
2	25	05	07	09	05	57	00																																																																																		57,71403333	10,59646670	57,71353335	10,61463330
3	25	05	07	09	10	56	03																																																																																		57,71352706	10,61631404	57,71405370	10,65162540
4	25	05	07	09	15	55	02		853																				254																				890																				73,40																				57,71405814	10,65182137	57,71621338	10,67372178
5	25	05	07	09	20	55	08		1111																				638																				1281																				60,10																				57,71623266	10,67381465	57,72351637	10,70000374
6	25	05	07	09	25	57	02		337																				289																				444																				49,40																				57,72357705	10,70016936	57,73344942	10,72481526
7	25	05	07	09	30	53	06		217	687																			267	1577																			344	1720																			39,10	23,50																			57,73299999	10,72371664	57,74694999	10,73910004
8	25	05	07	09	35	56	09		204	65	15	158																	342	330	905	1195																	398	336	905	1205																	30,80	11,10	0,90	7,50																	57,74794232	10,73965559	57,76271668	10,74771663
9	25	05	07	09	40	55	05		-6	-144	-224	-198	-111	206	254														209	106	18	21	292	1496	1416														209	179	225	199	312	1510	1439														358,40	306,40	274,60	276,10	339,20	7,80	10,20														57,76311524	10,74792660	57,77874925	10,75594020
10	25	05	07	09	45	54	02		16	-70	-101	-77	-68	-65	-64	53	224	174											125	150	109	160	123	-17	52	357	1318	1541											126	166	149	178	141	67	82	361	1337	1551											7,30	335,00	317,20	334,30	331,10	255,30	309,10	8,40	9,60	6,40											57,77880290	10,75596736	57,79881670	10,76608331
11	25	05	07	09	50	54	06		31	-37	-59	-56	-7	-28	-4	38	3	-47	-45	213	446	558							129	25	12	33	25	-35	-4	1	-87	-64	-99	830	1931	2397							133	45	60	65	26	45	6	38	87	79	109	857	1982	2461							13,50	304,00	281,50	300,50	344,40	218,70	225,00	88,50	178,00	216,30	204,40	14,40	13,00	13,10							57,79888334	10,76609999	57,81123659	10,77251642
12	25	05	07	09	55	56	06		62	-8	1	-62	20	28	29	-65	-56	-27	-4	18	-54	-23	137	623	339				133	89	57	20	1	25	-21	-5	-1	-35	-24	-121	-174	-120	1450	3257	1710				147	89	57	65	20	38	36	65	56	44	24	122	182	122	1456	3316	1743				25,00	354,90	1,00	287,90	87,10	48,20	125,90	265,60	269,00	217,60	189,50	171,50	197,20	190,90	5,40	10,80	11,20				57,81139744	10,77260275	57,82650003	10,78078332
13	25	05	07	10	00	55	09		37	-53	-11	3	-33	27	-6	0	24	19	45	-10	17	-53	-55	-48	205	232	89		393	28	-45	19	38	13	-41	30	18	1	8	2	-6	-35	-32	68	1329	2137	2064		395	60	46	19	50	30	41	30	30	19	46	10	18	64	64	83	1345	2150	2066		5,40	297,80	193,70	9,00	319,00	64,30	188,30	0,00	53,10	87,00	79,90	281,30	109,40	236,60	239,80	324,80	8,80	6,20	2,50		57,82723479	10,78115783	57,84279998	10,78548331
14	25	05	07	10	05	54	01		-74	-1	-5	42	70	92	102	49	88	51	32	40	44	22	8	-26	-45	-11	-17		183	-62	-11	48	27	26	49	49	20	54	1	12	-1	-7	-38	28	-19	-17	702		197	62	12	64	75	96	113	69	90	74	32	42	44	23	39	38	49	20	702		338,00	180,90	204,40	41,20	68,90	74,20	64,30	45,00	77,20	43,40	88,20	73,30	91,30	107,70	168,10	317,10	247,10	212,90	358,60		57,84339904	10,78550820	57,86216478	10,78548809
15	25	05	07	10	10	56	02		-59	2	-8	48	48	-2	87	18	22	10	22	65	22	2	67	-36	-22	9	62		236	-10	92	29	-39	17	-7	9	17	50	10	-51	-45	-41	99	98	56	-11	-25		243	10	92	56	62	17	87	20	28	51	24	83	50	41	120	104	60	14	67		346,00	168,70	355,00	58,90	129,10	353,30	94,60	63,40	52,30	11,30	65,60	128,10	153,90	177,20	34,10	339,80	338,60	140,70	112,00		57,86221524	10,78548976	57,87382258	10,78498190
16	25	05	07	10	15	56	00		24	-22	-41	115	63	39	60	38	31	12	86	33	26	40	-4	73	38	20	39		-11	-56	-54	-18	22	11	76	95	107	6	-128	-36	-11	7	-58	-47	-16	4	37		26	60	68	116	67	41	97	102	111	13	154	49	28	41	58	87	41	20	54		114,60	201,40	217,20	98,90	70,80	74,20	38,30	21,80	16,20	63,40	146,10	137,50	112,90	80,10	183,90	122,80	112,80	78,70	46,50		57,87358336	10,78501669	57,89287456	10,78457873
17	25	05	07	10	20	57	05		-81	-77	2	76	55	73	21	23	61	89	90	92	57	49	96	41	60	63	30		-53	-23	38	-10	21	-7	-19	9	-12	0	56	4	70	34	29	-6	-15	25	13		97	80	38	77	59	73	28	25	62	89	106	92	90	60	100	41	62	68	33		236,80	253,40	3,00	97,50	69,10	95,50	132,10	68,60	101,10	90,00	58,10	87,50	39,20	55,20	73,20	98,30	104,00	68,40	66,60		57,89329492	10,78457488	57,90458785	10,78432686
18	25	05	07	10	25	54	00		-64	-5	27	42	50	42	83	93	123	129	115	107	76	82	72	84	76	82	87		47	8	-19	5	30	1	0	-36	-5	-6	3	-16	-44	-32	-23	-42	-62	-65	-88		79	9	33	42	58	42	83	100	123	129	115	108	88	88	76	94	98	105	124		306,30	328,00	125,10	83,20	59,00	88,60	90,00	111,20	92,30	92,70	88,50	98,50	120,10	111,30	107,70	116,60	129,20	128,40	135,30		57,90458785	10,78432686	57,92039998	10,78383333
19	25	05	07	10	30	55	04		-124	-57	25	42	44	84	69	88	53	32	55	57	98	58	61	23	22	45	-4		17	-9	15	-16	27	-28	-15	-43	-69	-51	-44	-7	-55	-47	-59	-63	-23	-87	-54		125	58	29	45	52	89	71	98	87	60	70	57	112	75	85	67	32	98	54		277,80	261,00	59,00	110,90	58,50	108,40	102,30	116,00	142,50	147,90	128,70	97,00	119,30	129,00	134,00	159,90	136,30	152,70	184,20		57,92045002	10,78383333	57,93927049	10,78339010
20	25	05	07	10	35	55	07		-45	9	13	-20	3	24	22	52	60	65	80	96	52	53	51	67	89	41	90		13	-11	-45	26	53	22	37	26	17	25	17	19	26	4	51	21	15	16	2		47	14	47	33	53	33	43	58	62	70	82	98	58	53	72	70	90	44	90		286,10	140,70	163,90	322,40	3,20	47,50	30,70	63,40	74,20	69,00	78,00	78,80	63,40	85,70	45,00	72,60	80,40	68,70	88,70		57,93569997	10,78315004	57,94750001	10,78531668
21	25	05	07	10	40	57	03		-85	-99	-45	-91	-41	58	40	-3	78	15	50	37	51	67	78	26	48	17	5		19	-31	-27	-3	19	38	-18	130	-39	-33	-51	-93	-87	-37	-84	-69	-58	-88	-72		87	104	52	91	45	69	44	130	87	36	71	100	101	77	115	74	75	90	72		282,60	252,60	239,00	268,10	294,90	56,80	114,20	358,70	116,60	155,60	135,60	158,30	149,60	118,90	137,10	159,40	140,40	169,10	176,00		57,94759833	10,78534040	57,94822555	10,78428973
22	25	05	07	10	45	54	00		-93	-102	-75	-5	-62	4	38	72	56	22	27	96	59	98	42	65	64	53	27		48	-17	8	31	56	50	-4	-10	-71	-62	-85	-99	-50	-23	-59	-85	-31	-89	-69		105	103	75	31	84	50	38	73	90	66	89	138	77	101	72	107	71	104	74		297,30	260,50	276,10	350,80	312,10	4,60	96,00	97,90	141,70	160,50	162,40	135,90	130,30	103,20	144,60	142,60	115,80	149,20	158,60		57,94823217	10,78427841	57,94864942	10,78316437
23	25	05	07	10	50	55	05		-84	-80	-55	-30	10	52	45	99	49	27	84	24	30	48	37	83	52	62	44		-70	-17	-38	-40	26	0	-56	-98	-96	-56	-83	-87	-121	-90	-91	-84	-76	-82	-89		109	82	67	50	28	52	72	139	108	62	118	90	125	102	98	118	92	103	99		230,20	258,00	235,40	216,90	21,00	90,00	141,20	134,70	153,00	154,30	134,70	164,60	166,10	151,90	157,90	135,30	145,60	142,90	153,70		57,94864859	10,78316127	57,94830862	10,78213918
24	25	05	07	10	55	55	03		-82	-112	-49	6	6	61	82	98	65	50	59	22	45	50	66	62	53	60	30		-12	-38	-3	-4	0	-24	-52	-72	-84	-101	-98	-88	-99	-72	-69	-85	-60	-61	-81		83	118	49	7	6	66	97	122	106	113	114	91	109	88	95	105	80	86	86		261,70	251,30	266,50	123,70	90,00	111,50	122,40	126,30	142,30	153,70	149,00	166,00	155,60	145,20	136,30	143,90	138,50	135,50	159,70		57,94829948	10,78210741	57,94666953	10,78071040
25	25	05	07	11	00	55	00		-74	-53	-45	-5	57	42	55	38	27	57	24	45	15	59	17	6	33	21	74		-5	-21	19	-59	-127	-143	-99	-66	-61	-30	-44	-65	-72	-38	-57	-43	-78	-84	-49		74	57	49	59	139	149	113	76	67	64	50	79	74	70	59	43	85	87	89		266,10	248,40	292,90	184,80	155,80	163,60	150,90	150,10	156,10	117,80	151,40	145,30	168,20	122,80	163,40	172,10	157,10	166,00	123,50		57,94795004	10,78106663	57,93706664	10,78028334
26	25	05	07	11	05	55	05		-54	-86	35	46	56	38	42	42	19	5	23	-41	21	41	16	28	-18	-5	23		-63	-60	-90	-56	-86	-108	-108	-53	-129	-63	-118	-45	-77	-77	-78	-78	-103	-80	-98		83	105	97	72	103	114	116	68	130	63	120	61	80	87	80	83	105	80	101		220,60	235,10	158,70	140,60	146,90	160,60	158,70	141,60	171,60	175,50	169,00	222,30	164,70	152,00	168,40	160,30	189,90	183,60	166,80		57,93660790	10,78027429	57,93018334	10,78220003
27	25	05	07	11	10	53	06		-23	51	12	41	-3	17	76	68	96	97	104	87	87	80	73	55	42	78	68		11	-62	-11	23	-40	5	20	31	0	-27	-42	-60	-55	-56	-44	-65	-71	-62	-74		25	80	16	47	40	18	79	75	96	101	112	106	103	98	85	85	82	100	100		295,60	140,60	132,50	60,70	184,30	73,60	75,30	65,50	90,00	105,60	112,00	124,60	122,30	125,00	121,10	139,80	149,40	128,50	137,40		57,93008275	10,78217480	57,93174036	10,78261821
28	25	05	07	11	15	54	04		-45	-12	-6	27	21	-30	-1	35	59	43	64	80	64	40	77	-2	46	10	73		-4	-22	5	-34	-23	-27	-46	-48	-87	-80	-43	-65	-36	-45	-60	-43	-79	-58	-78		45	25	8	43	31	40	46	59	105	91	77	103	73	60	98	43	91	59	107		264,90	208,60	309,80	141,50	137,60	228,00	181,20	143,90	145,90	151,70	123,90	129,10	119,40	138,40	127,90	182,70	149,80	170,20	136,90		57,93174631	10,78259004	57,93162578	10,78193299
29	25	05	07	11	20	57	02		-41	-30	33	74	60	84	62	16	37	46	59	42	79	33	34	21	12	58	28		-8	-2	-22	-3	-57	-23	-75	-93	-50	-75	-73	-51	-107	-53	-97	-96	-91	-68	-78		42	30	40	74	83	87	97	94	62	88	94	66	133	62	103	98	92	89	83		259,00	266,20	123,70	92,30	133,50	105,30	140,40	170,20	143,50	148,50	141,10	140,50	143,60	148,10	160,70	167,70	172,50	139,50	160,30		57,93162284	10,78193131	57,93148220	10,78158027
30	25	05	07	11	25	55	09		-75	-9	42	134	122	133	182	186	103	87	71	82	42	68	42	50	44	77	68		-12	-31	-45	-51	-48	-70	-100	-99	-79	-62	-71	-66	-55	-48	-48	-75	-58	-78	-66		76	32	62	143	131	150	208	211	130	107	100	105	69	83	64	90	73	110	95		260,90	196,20	137,00	110,80	111,50	117,80	118,80	118,00	127,50	125,50	135,00	128,80	142,60	125,20	138,80	146,30	142,80	135,40	134,10		57,93148261	10,78157499	57,93096654	10,78226382
31	25	05	07	11	30	53	07		-76	3	37	14	62	41	39	58	105	35	63	92	67	78	65	70	80	57	82		30	-1	11	-38	-86	-18	-45	-91	-109	-29	-91	-81	-104	-98	-84	-35	-9	-68	-13		82	3	39	40	106	45	60	108	151	45	111	123	124	125	106	78	81	89	83		291,50	108,40	73,40	159,80	144,20	113,70	139,10	147,50	136,10	129,60	145,30	131,40	147,20	141,50	142,30	116,60	96,40	140,00	99,00		57,93089219	10,78234630	57,92051724	10,78173023
32	25	05	07	11	35	55	03		-47	51	118	79	85	98	88	98	107	75	110	87	121	91	64	98	131	83	43		-63	-139	-118	-56	-66	-113	-148	-100	-111	-125	-59	-114	-162	-133	-148	-157	-113	-120	-115		79	148	167	97	108	150	172	140	154	146	125	143	202	161	161	185	173	146	123		216,70	159,90	135,00	125,30	127,80	139,10	149,30	135,60	136,10	149,00	118,20	142,70	143,20	145,60	156,60	148,00	130,80	145,30	159,50		57,91931670	10,78153334	57,91374877	10,77932454
33	25	05	07	11	40	55	05		14	48	93	71	82	65	39	89	52	96	84	116	52	91	121	86	62	50	42		40	-15	-30	-51	-45	-62	-45	-79	-17	-11	-41	-30	-47	-109	-89	-51	-92	-73	-90		42	50	98	87	94	90	60	119	55	97	93	120	70	142	150	100	111	88	99		19,30	107,40	107,90	125,70	118,80	133,60	139,10	131,60	108,10	96,50	116,00	104,50	132,10	140,10	126,30	120,70	146,00	145,60	155,00		57,91374408	10,77928849	57,91423718	10,77878256
34	25	05	07	11	45	56	04		-35	76	53	52	29	26	49	75	88	125	61	61	65	77	102	72	82	60	43		56	-34	-29	-4	14	-48	-53	-31	-80	-84	-93	-68	-86	-75	-59	-41	-92	-42	-37		66	83	60	52	32	55	72	81	119	151	111	91	108	107	118	83	123	73	57		328,00	114,10	118,70	94,40	64,20	151,60	137,20	112,50	132,30	123,90	146,70	138,10	142,90	134,20	120,00	119,70	138,30	125,00	130,70		57,91423928	10,77878038	57,91397274	10,77892623
35	25	05	07	11	50	53	09		-38	55	112	97	96	102	99	75	75	105	117	33	122	99	132	106	118	47	90		34	44	-20	-16	-3	-24	-37	-44	-41	-97	-19	-72	-20	-53	-26	-50	-26	-39	-61		51	70	114	98	96	105	106	87	85	143	119	79	124	112	135	117	121	61	109		311,80	51,30	100,10	99,40	91,80	103,20	110,50	120,40	118,70	132,70	99,20	155,40	99,30	118,20	101,10	115,30	102,40	129,70	124,10		57,91376838	10,77908364	57,90146652	10,77935630
36	25	05	07	11	55	56	02		34	61	48	-13	34	32	46	10	44	24	13	-2	67	50	19	2	62	-9	-8		-73	-73	-128	-85	-116	-110	-97	-103	-93	-130	-158	-94	-154	-146	-78	-122	-137	-127	-137		81	95	137	86	121	115	107	103	103	132	159	94	168	154	80	122	150	127	137		155,00	140,10	159,40	188,70	163,70	163,80	154,60	174,50	154,70	169,50	175,30	181,20	156,50	161,10	166,30	179,10	155,70	184,10	183,30		57,90146652	10,77935630	57,89761570	10,78072574
37	25	05	07	12	00	54	09		52	68	103	105	111	52	71	54	75	98	148	114	136	93	90	88	105	98	65		-5	16	-61	-48	-46	-50	-24	-64	-40	-52	-43	-39	-49	-68	-42	-64	-30	-82	-66		52	70	120	115	120	72	75	84	85	111	154	120	145	115	99	109	109	128	93		95,50	76,80	120,60	114,60	112,50	133,90	108,70	139,80	118,10	118,00	106,20	108,90	109,80	126,20	115,00	126,00	105,90	129,90	135,40		57,89761730	10,78073270	57,89774219	10,78066598
38	25	05	07	12	05	53	08		4	42	95	45	84	86	53	37	38	66	65	102	89	141	71	113	93	68	92		18	12	-24	-49	-28	-53	-43	-39	-71	-85	-57	-47	-61	-79	-89	-61	-90	-65	-107		18	44	98	67	89	101	68	54	81	108	86	112	108	162	114	128	129	94	141		12,50	74,10	104,20	137,40	108,40	121,60	129,10	136,50	151,80	142,20	131,20	114,70	124,40	119,30	141,40	118,40	134,10	133,70	139,30		57,89774269	10,78066413	57,89791670	10,78021671
39	25	05	07	12	10	57	05		-47	84	102	82	54	94	35	38	49	118	90	119	127	108	90	87	104	120	107		25	-2	-27	-17	-68	-54	-29	-78	-55	-56	-81	-66	-28	-77	-82	-108	-116	-91	-90		53	84	106	84	87	108	45	87	74	131	121	136	130	133	122	139	156	151	140		298,00	91,40	104,80	101,70	141,50	119,90	129,60	154,00	138,30	115,40	132,00	119,00	102,40	125,50	132,30	141,10	138,10	127,20	130,10		57,89791670	10,78021671	57,89824502	10,77968798
40	25	05	07	12	15	57	02		-30	57	102	88	82	107	97	85	74	46	100	111	116	102	103	89	70	132	55		-14	76	18	-54	-58	-33	-20	-33	-99	-43	-50	-103	-85	-50	-37	-58	-84	-80	-95		33	95	104	103	100	112	99	91	124	63	112	151	144	114	109	106	109	154	110		245,00	36,90	80,00	121,50	125,30	107,10	101,70	111,20	143,20	133,10	116,60	132,90	126,20	116,10	109,80	123,10	140,20	121,20	149,90		57,89824401	10,77968932	57,89693333	10,77966669
41	25	05	07	12	20	56	04		4	104	90	54	39	107	93	179	93	71	122	110	133	135	123	108	121	96	84		-181	-19	-111	-119	-170	-169	-97	-100	-70	-61	-2	-31	-80	-62	-57	-94	-71	-107	-146		181	106	143	131	174	200	134	205	116	94	122	114	155	149	136	143	140	144	168		178,70	100,40	141,00	155,60	167,10	147,70	136,20	119,20	127,00	130,70	90,90	105,70	121,00	114,70	114,90	131,00	120,40	138,10	150,10		57,89689997	10,77966669	57,88656358	10,77856639
42	25	05	07	12	25	57	04		-4	55	12	10	39	27	10	82	6	-13	52	-6	25	-1	-10	-3	2	1	-17		-36	-65	-170	-164	-106	-123	-210	-163	-149	-73	-146	-174	-98	-79	-134	-129	-83	-100	-100		36	85	170	164	113	126	210	182	149	74	155	174	101	79	134	129	83	100	101		186,30	139,80	176,00	176,50	159,80	167,60	177,30	153,30	177,70	190,10	160,40	182,00	165,70	180,70	184,30	181,30	178,60	179,40	189,60		57,88656668	10,77856665	57,88161557	10,78151473
43	25	05	07	12	30	55	00		21	51	30	49	9	0	35	129	93	95	56	101	84	105	79	58	82	69	55		8	-13	-32	-68	-57	-58	-90	-65	-72	-33	-22	-46	-77	-101	-91	-126	-96	-96	-114		22	53	44	84	58	58	97	144	118	101	60	111	114	146	121	139	126	118	127		69,10	104,30	136,80	144,20	171,00	180,00	158,70	116,70	127,70	109,20	111,40	114,50	132,50	133,90	139,00	155,30	139,50	144,30	154,20		57,88163762	10,78150668	57,88215478	10,78045048
44	25	05	07	12	35	57	00		29	37	50	41	16	-37	15	-20	-6	53	43	63	48	58	58	58	92	77	14		10	-50	-103	-53	-74	-100	-129	-89	-63	-59	-76	-110	-80	-84	-84	-124	-129	-137	-131		31	62	114	67	76	107	130	91	63	79	87	127	93	102	102	137	158	157	132		71,00	143,50	154,10	142,30	167,80	200,30	173,40	192,70	185,40	138,10	150,50	150,20	149,00	145,40	145,40	154,90	144,50	150,70	173,90		57,88215352	10,78044671	57,88200332	10,78028745
45	25	05	07	12	40	57	05		-16	86	34	92	82	12	-5	90	29	38	49	34	63	100	96	89	101	63	67		16	-8	-83	-50	-49	-107	-47	-72	-82	-98	-88	-70	-90	-101	-145	-90	-47	-97	-114		23	86	90	105	96	108	47	115	87	105	101	78	110	142	174	127	111	116	132		315,00	95,30	157,70	118,50	120,90	173,60	186,10	128,70	160,50	158,80	150,90	154,10	145,00	135,30	146,50	135,30	115,00	147,00	149,60		57,88193333	10,78006667	57,88087025	10,77907610
46	25	05	07	12	45	55	08		53	78	64	92	66	64	124	89	108	105	81	120	113	65	93	138	95	114	131		5	-31	-49	-62	-103	2	-57	-19	-60	-50	-78	-87	-51	-65	-101	-100	-110	-113	-54		53	84	81	111	122	64	136	91	124	116	112	148	124	92	137	170	145	161	142		84,60	111,70	127,40	124,00	147,30	88,20	114,70	102,10	119,10	115,50	133,90	125,90	114,30	135,00	137,40	125,90	139,20	134,70	112,40		57,88087009	10,77907593	57,88096664	10,77893335
47	25	05	07	12	50	54	08		89	105	83	71	-4	41	60	120	123	78	84	117	127	116	112	96	92	77	65		13	-43	-69	-78	-69	-50	-134	-114	-108	-63	-41	-72	-70	-36	-58	-74	-89	-133	-99		90	113	108	105	69	65	147	166	164	100	93	137	145	121	126	121	128	154	118		81,70	112,30	129,70	137,70	183,30	140,60	155,90	133,50	131,30	128,90	116,00	121,60	118,90	107,20	117,40	127,60	134,10	149,90	146,70		57,88099992	10,77896965	57,88125624	10,77870813
48	25	05	07	12	55	57	03		107	111	97	98	84	75	106	153	80	117	133	134	136	128	150	96	119	106	84		-1	-30	-59	-93	-115	-220	-324	-286	-115	-71	-96	-83	-82	-87	-83	-54	-103	-78	-133		107	115	114	135	142	232	341	324	140	137	164	158	159	155	171	110	157	132	157		90,50	105,10	121,30	133,50	143,90	161,20	161,90	151,90	145,20	121,30	125,80	121,80	121,10	124,20	119,00	119,40	130,90	126,30	147,70		57,88125892	10,77870402	57,87866665	10,77824998
49	25	05	07	13	00	54	09		62	67	75	73	60	69	71	85	95	91	71	75	122	65	39	44	44	47	63		-181	-84	-74	-71	-92	-116	-173	-143	-150	-87	-163	-157	-134	-97	-112	-108	-138	-133	-172		191	107	105	102	110	135	187	166	178	126	178	174	181	117	119	117	145	141	183		161,10	141,40	134,60	134,20	146,90	149,30	157,70	149,30	147,70	133,70	156,50	154,50	137,70	146,20	160,80	157,80	162,30	160,50	159,90		57,87665935	10,77795644	57,86882906	10,77704097
50	25	05	07	13	05	56	01		77	42	-4	-60	65	26	-11	-8	26	1	-14	22	3	10	14	-26	-3	17	6		-149	-224	-237	-139	-182	-204	-167	-173	-164	-141	-147	-209	-199	-168	-86	-95	-139	-170	-150		168	228	237	151	193	206	167	173	166	141	148	210	199	168	87	98	139	171	150		152,70	169,40	181,00	203,30	160,30	172,70	183,80	182,60	171,00	179,60	185,40	174,00	179,10	176,60	170,80	195,30	181,20	174,30	177,70		57,86876243	10,77703569	57,86363538	10,77651341
51	25	05	07	13	10	55	01		98	98	79	93	57	116	40	-28	58	75	125	22	81	80	93	56	100	84	25		-8	-38	-48	-66	-98	-98	-27	-42	-99	-108	-99	-112	-135	-99	-95	-110	-94	-103	-123		98	105	92	114	113	152	48	50	115	131	159	114	157	127	133	123	137	133	126		94,70	111,20	121,30	125,40	149,80	130,20	124,00	213,70	149,60	145,20	128,40	168,90	149,00	141,10	135,60	153,00	133,20	140,80	168,50		57,86363153	10,77651526	57,86344436	10,77665197
52	25	05	07	13	15	54	03		105	94	124	114	132	129	78	68	109	117	71	71	128	46	41	43	-18	82	60		7	-15	-45	-73	-67	-65	-72	-105	-63	-58	-74	-93	-87	-98	-115	-96	-60	-131	-68		105	95	132	135	148	144	106	125	126	131	103	117	155	108	122	105	63	155	91		86,20	99,10	109,90	122,60	116,90	116,70	132,70	147,10	120,00	116,40	136,20	142,60	124,20	154,90	160,40	155,90	196,70	148,00	138,60		57,86344369	10,77665197	57,86341134	10,77633270
53	25	05	07	13	20	54	06		131	127	100	63	62	72	89	101	86	85	84	91	70	76	42	68	40	34	55		-35	1	-58	-73	-129	-99	-94	-57	-82	-55	-116	-117	-85	-54	-87	-183	-149	-103	-130		136	127	116	96	143	122	129	116	119	101	143	148	110	93	97	195	154	108	141		105,00	89,50	120,10	139,20	154,30	144,00	136,60	119,40	133,60	122,90	144,10	142,10	140,50	125,40	154,20	159,60	165,00	161,70	157,10		57,86338334	10,77641669	57,85427137	10,77684802
54	25	05	07	13	25	56	04		120	80	105	131	92	53	85	30	-12	24	12	10	40	60	8	-11	-24	-33	36		-111	-135	-193	-180	-134	-124	-164	-144	-130	-161	-168	-117	-146	-189	-212	-178	-214	-188	-663		163	157	220	223	163	135	185	147	131	163	168	117	151	198	212	178	215	191	664		132,80	149,30	151,50	144,00	145,50	156,90	152,60	168,20	185,30	171,50	175,90	175,10	164,70	162,40	177,80	183,50	186,40	190,00	176,90		57,85409175	10,77684349	57,84735614	10,77824989
55	25	05	07	13	30	54	03		125	125	177	202	162	134	123	109	107	114	142	99	35	17	-65	15	60	95	77		39	-62	5	-35	-61	-49	-8	-79	-134	-132	-151	-129	-159	-150	-231	-192	-131	-143	-77		131	140	177	205	173	143	123	135	171	174	207	163	163	151	240	193	144	172	109		72,70	116,40	88,40	99,80	110,60	110,10	93,70	125,90	141,40	139,20	136,80	142,50	167,60	173,50	195,70	175,50	155,40	146,40	135,00		57,84735630	10,77825408	57,84739997	10,77883336
56	25	05	07	13	35	54	00		141	148	173	164	146	166	156	97	90	91	62	90	48	33	44	61	102	51	86		73	5	-6	-9	-61	-43	22	-34	-16	-65	-90	-61	-77	-99	-76	-111	-94	-96	-19		159	148	173	164	158	171	158	103	91	112	109	109	91	104	88	127	139	109	88		62,60	88,10	92,00	93,10	112,70	104,50	82,00	109,30	100,10	125,50	145,40	124,10	148,10	161,60	149,90	151,20	132,70	152,00	102,50		57,84732252	10,77874686	57,84708330	10,77880000
57	25	05	07	13	40	54	04		117	119	164	164	200	139	164	142	181	143	163	122	97	90	72	74	62	-26	262		-51	70	122	113	76	21	45	3	-31	-19	-50	-51	-43	-129	-122	-72	-85	-885	-1915		128	138	204	199	214	141	170	142	184	144	170	132	106	157	142	103	105	885	1933		113,60	59,50	53,40	55,40	69,20	81,40	74,70	88,80	99,70	97,60	107,10	112,70	113,90	145,10	149,50	134,20	143,90	181,70	172,20		57,84706671	10,77880000	57,84254635	10,78008855
58	25	05	07	13	45	56	07		181	63	100	82	105	102	125	142	129	123	146	26	39	-12	35	20	-38	-222			34	56	-5	-71	-88	-53	-57	-33	-79	-73	-72	-115	-243	-339	-225	-169	-1230	-1667			184	84	100	108	137	115	137	146	151	143	163	118	246	339	228	170	1231	1682			79,40	48,40	92,90	130,90	130,00	117,50	114,50	103,10	121,50	120,70	116,30	167,30	170,90	182,00	171,20	173,30	181,80	187,60			57,84125000	10,77971664	57,83016711	10,77494332
59	25	05	07	13	50	58	00		150	95	95	103	81	100	127	117	89	71	89	17	121	-18	26	36	10	-9			72	40	-8	-28	-35	-33	-23	7	-69	-26	-83	-116	-64	-109	-118	-107	41	44			166	103	95	107	88	105	129	117	113	76	122	117	137	110	121	113	42	45			64,40	67,20	94,80	105,20	113,40	108,30	100,30	86,60	127,80	110,10	133,00	171,70	117,90	189,40	167,60	161,40	13,70	348,40			57,83017952	10,77489688	57,83104998	10,77525001
60	25	05	07	13	55	56	07		206	133	93	95	98	78	95	80	48	83	96	18	-40	3	10	18	50	37			30	-2	-44	-17	-64	-85	-51	-98	-142	-121	-32	-85	-220	-89	-146	-152	-13	-6			208	133	103	97	117	115	108	127	150	147	101	87	224	89	146	153	52	37			81,70	90,90	115,30	100,10	123,10	137,50	118,20	140,80	161,30	145,60	108,40	168,00	190,30	178,10	176,10	173,20	104,60	99,20			57,83092048	10,77528530	57,83138844	10,77556609
61	25	05	07	14	00	55	02		270	149	96	91	122	105	131	121	101	113	95	0	72	-2	9	-43	-134	-114			-19	27	-23	-69	-59	-68	-116	-87	-106	-74	-38	-106	-246	-275	-137	-683	-1003	-339			271	151	99	114	136	125	175	149	146	135	102	106	256	275	137	684	1012	358			94,00	79,70	103,50	127,20	115,80	122,90	131,50	125,70	136,40	123,20	111,80	180,00	163,70	180,40	176,20	183,60	187,60	198,60			57,83139096	10,77557347	57,82817759	10,77482966
62	25	05	07	14	05	53	08		168	187	98	90	55	29	52	51	51	14	-90	-123	60	80	107	-38					-141	-29	-24	-72	-65	-57	-125	-102	-128	-89	-41	-45	-214	-508	-1841	-2310					219	189	101	115	85	64	135	114	138	90	99	131	222	514	1844	2310					130,00	98,80	103,80	128,70	139,80	153,00	157,40	153,40	158,30	171,10	245,50	249,90	164,30	171,10	176,70	180,90					57,82818337	10,77483335	57,81568335	10,77360003
63	25	05	07	14	10	54	07		83	92	38	19	39	55	-48	-78	-51	-77	21	-83	142	64	26	8					12	44	-23	-62	-71	-39	-65	-99	-52	-103	-26	-147	-121	-135	-72	-21					84	102	44	65	81	67	81	126	73	129	33	169	187	149	77	22					81,80	64,40	121,20	163,00	151,20	125,30	216,40	218,20	224,40	216,80	141,10	209,50	130,40	154,60	160,10	159,10					57,81539937	10,77357849	57,81408660	10,77187856
64	25	05	07	14	15	56	04		144	154	115	47	11	-8	-71	-8	-30	-27	-15	-31	126	-41	9	-26					-7	-17	-78	-89	-83	-128	-79	-90	-118	-115	-68	29	102	18	-20	-10					144	155	139	101	84	128	106	90	122	118	70	42	162	45	22	28					92,80	96,30	124,10	152,20	172,50	183,60	221,90	185,10	194,30	193,20	192,40	313,10	51,00	293,70	155,80	249,00					57,81408752	10,77187780	57,81407453	10,77188585
65	25	05	07	14	20	55	08		185	158	110	40	37	-18	9	11	-29	15	-17	0	44	49	17	43					-18	-26	-81	-123	-93	-55	-133	-98	-138	-149	-122	-134	-270	31	-46	3					186	160	137	129	100	58	133	99	141	150	123	134	274	58	49	43					95,60	99,30	126,40	162,00	158,30	198,10	176,10	173,60	191,90	174,30	187,90	180,00	170,70	57,70	159,70	86,00					57,81403329	10,77180002	57,81408040	10,77188183
66	25	05	07	14	25	56	06		148	159	85	30	-20	4	60	-38	-2	17	34	22	66	-87	-211						-29	-56	-88	-113	-131	-118	-226	-78	-76	-116	-130	-91	-387	-2092	-1002						151	169	122	117	133	118	234	87	76	117	134	94	393	2094	1024						101,10	109,40	136,00	165,10	188,70	178,10	165,10	206,00	181,50	171,70	165,30	166,40	170,30	182,40	191,90						57,81408233	10,77187998	57,80977705	10,77063619
67	25	05	07	14	30	56	06		108	113	67	63	114	68	0	100	-34	-24	52	135	-28								-50	-22	-90	-141	-149	-167	-62	-152	-128	-137	-314	-1223	-1132								119	115	112	154	188	180	62	182	132	139	318	1230	1132								114,80	101,00	143,30	155,90	142,60	157,80	180,00	146,70	194,90	189,90	170,60	173,70	181,40								57,80993337	10,77066670	57,79911158	10,77030318
68	25	05	07	14	35	57	01		65	60	48	5	32	30	4	27	7	-9	-14	-48									-34	-55	-98	-112	-93	-114	-144	-158	-124	-111	-90	-90									73	81	109	112	98	118	144	160	124	111	91	102									117,60	132,50	153,90	177,40	161,00	165,30	178,40	170,30	176,80	184,60	188,80	208,10									57,79908760	10,77031257	57,79728357	10,76980370
69	25	05	07	14	40	56	00		91	92	58	50	23	50	3	51	15	11	-2	-3									15	-6	-71	-66	-109	-142	-125	-103	-138	-104	-30	16									92	92	92	83	111	151	125	115	139	105	30	16									80,60	93,70	140,80	142,90	168,10	160,60	178,60	153,70	173,80	174,00	183,80	349,40									57,79723336	10,76973329	57,79723336	10,76973329
70	25	05	07	14	45	56	08		76	91	26	98	22	12	37	15	44	209	-29										-24	-28	-61	-147	-81	-154	-68	-116	-159	-1294	-1306										80	95	66	177	84	154	77	117	165	1311	1306										107,50	107,10	156,90	146,30	164,80	175,50	151,40	172,60	164,50	170,80	181,30										57,79723336	10,76973329	57,79270001	10,76933331
71	25	05	07	14	50	56	04		59	4	37	28	7	-4	-12	129	109												-82	-133	-100	-141	-167	-234	-250	-1464	-1558												101	133	107	144	167	234	250	1470	1562												144,30	178,30	159,70	168,80	177,60	181,00	182,70	175,00	176,00												57,79254897	10,76932820	57,78137857	10,76998634
72	25	05	07	14	55	55	05		69	27	-19	16	65	29	32	74													-57	-93	-120	-165	-158	-139	-204	-172													89	97	121	166	171	142	206	187													129,60	163,80	189,00	174,50	157,60	168,20	171,10	156,70													57,78135066	10,76998844	57,77958166	10,77206371
73	25	05	07	15	00	54	06		65	60	-11	-15	4	-21	-6	14													-87	-102	-94	-163	-159	-158	-126	3													109	118	95	164	159	159	126	14													143,20	149,50	186,70	185,30	178,60	187,60	182,70	77,90													57,77958166	10,77206371	57,77951670	10,77204997
74	25	05	07	15	05	54	00		47	-58	-26	2	-20	-14	-76														-34	-31	-101	-139	-133	-511	-1767														58	66	104	139	134	511	1769														125,90	241,90	194,40	179,20	188,60	181,60	182,50														57,77958627	10,77206128	57,77216728	10,77082462
75	25	05	07	15	10	55	06		35	-15	-22	-53	-17	-111															-141	-159	-190	-235	-1120	-1619															145	160	191	241	1120	1623															166,10	185,40	186,60	192,70	180,90	183,90															57,77455000	10,77126668	57,76360625	10,76898244
76	25	05	07	15	15	54	04		39	43	-22	37	-9																-190	-178	-154	-198	-201																194	183	156	201	201																168,40	166,40	188,10	169,40	182,60																57,76321348	10,76902712	57,76132168	10,76771610
77	25	05	07	15	20	54	00		-16	-29	-42	-9	-151																-103	-127	-164	-195	-93																104	130	169	195	177																188,80	192,90	194,40	182,60	238,40																57,76132160	10,76771552	57,76108271	10,76713046
78	25	05	07	15	25	56	06		13	-11	-147	-1034																	-136	-145	-429	-1447																	137	145	453	1778																	174,50	184,30	198,90	215,50																	57,76096520	10,76692494	57,75444307	10,75686095
79	25	05	07	15	30	54	07		-1	-604																			-314	-923																			314	1103																			180,20	213,20																			57,75440611	10,75680471	57,74075392	10,73636351
80	25	05	07	15	35	56	02		-246	-942																			-348	-1212																			426	1535																			215,30	217,90																			57,74336664	10,74026663	57,73224520	10,72358807
81	25	05	07	15	40	55	00		-501																				-242																				556																				244,20																				57,73135001	10,72176668	57,72380001	10,70176670
82	25	05	07	15	45	54	06		-1019																				-350																				1077																				251,00																				57,72375500	10,70143989	57,72069217	10,67406720
83	25	05	07	15	50	56	04																																																																																		57,72067431	10,67388489	57,71791826	10,64655385
84	25	05	07	15	55	57	05		316	-3005	-2765	-1709	-2031	-2261	-1767	-1580	-1940	-2103	-2203	-2383	-2392	-2496	-2447	-2513	-2467	-2425	-2328	-2417	177	-1174	-779	-666	-577	-661	-561	-384	-312	-474	-508	-629	-574	-568	-683	-584	-532	-456	-554	-693	362	3226	2873	1834	2111	2356	1854	1626	1965	2156	2261	2465	2460	2560	2541	2580	2524	2468	2393	2514	60,70	248,70	254,30	248,70	254,10	253,70	252,40	256,30	260,90	257,30	257,00	255,20	256,50	257,20	254,40	256,90	257,80	259,40	256,60	254,00	57,71778985	10,64526555	57,71501670	10,62025001
85	25	05	07	16	00	56	04																																																																																		57,71503329	10,62033333	57,71355003	10,60850001
