"Series Data"
"C:\Users\adcp-user\Documents\ADCP data\OC4920_2025\OC4920_2025_20250506T095214_002_000000.LTA"
"Broadband 153.6 kHz"
"Pings/Ens ="	75
"Time/Ping = 00:00.00"
"First Ensemble Date = 25/05/06"
"First Ensemble Time = 09:52:43.01"
"Ensemble Interval (s) = "	300,04
"1st Bin Range (m) = "	12,23
"Bin Size (m) ="	4,00


Ens	YR	MO	DA	HH	MM	SS	HH		"Pit"	"Rol"	"Hea"	"Dep"	"Eas"	"Eas"	"Eas"	"Eas"	"Eas"	"Eas"	"Eas"	"Eas"	"Eas"	"Eas"	"Nor"	"Nor"	"Nor"	"Nor"	"Nor"	"Nor"	"Nor"	"Nor"	"Nor"	"Nor"	    "FLat"	    "FLon"	    "LLat"	    "LLon"
									"deg"	"deg"	"deg"	"m"	"mm/s"	"mm/s"	"mm/s"	"mm/s"	"mm/s"	"mm/s"	"mm/s"	"mm/s"	"mm/s"	"mm/s"	"mm/s"	"mm/s"	"mm/s"	"mm/s"	"mm/s"	"mm/s"	"mm/s"	"mm/s"	"mm/s"	"mm/s"	     "deg"	     "deg"	     "deg"	     "deg"
													1	2	3	4	5	6	7	8	9	10	1	2	3	4	5	6	7	8	9	10

1	25	05	06	09	52	43	01		-0,06	1,31	0,00	0,000	390	508									874	1160									57,63881338	11,69352623	57,64167345	11,70028615
2	25	05	06	09	57	45	04		-0,22	0,65	295,97	0,000	-23	-426	-394								73	401	-30								57,64177588	11,70030819	57,64738966	11,67914724
3	25	05	06	10	02	46	07		-0,25	-0,36	247,41	0,000	-182	-348	-730								-101	77	-493								57,64729771	11,67888874	57,63940003	11,65263335
4	25	05	06	10	07	44	00		-0,28	-0,56	270,24	0,000	-197	-459	-915	-985							-27	25	-56	-152							57,63862235	11,64871791	57,63732743	11,62111220
5	25	05	06	10	12	44	00		-0,24	-0,66	290,03	0,000	-277	-335	-385	-721							142	159	184	161							57,63732928	11,62090098	57,64146298	11,59007141
6	25	05	06	10	17	45	05		-0,22	-0,49	258,06	0,000	-81	-104	-92	-104	-321	-1121	-608				124	103	85	90	113	28	-121				57,64146298	11,59007141	57,63910155	11,55842688
7	25	05	06	10	22	44	00		-0,21	-0,10	214,81	0,000	-71	-61	-127	-140	-73	-91	-73	-125	-1471		243	249	221	228	203	216	169	122	-2275		57,64056670	11,56180001	57,62884998	11,54644998
8	25	05	06	10	27	44	04		-0,21	-0,02	204,15	0,000	-133	-166	-185	-198	-175	-173	-209	-130	-142		217	243	264	220	196	195	160	120	-10		57,62799997	11,54588336	57,61020812	11,53477952
9	25	05	06	10	32	46	02		-0,19	0,22	203,87	0,000	-144	-133	-100	-129	-117	-95	-140	-167	-175		246	242	251	173	174	151	185	163	135		57,61015800	11,53475228	57,59846206	11,52935307
10	25	05	06	10	37	47	01		-0,20	0,26	192,62	0,000	-159	-110	-104	-150	-168	-148	-147	-125	-105		278	297	218	210	204	114	116	148	178		57,59826089	11,52928920	57,58347169	11,52577543
11	25	05	06	10	42	43	07		-0,21	0,42	194,38	0,000	-56	-88	-22	-52	-54	-78	-76	-61	-24		207	255	245	252	169	266	148	192	253		57,58331370	11,52575104	57,56448132	11,52230448
12	25	05	06	10	47	45	02		0,04	-0,10	200,05	0,000	-92	-66	-89	-107	-171	-159	-144	-107	-139		149	214	202	201	189	217	180	179	210		57,56441628	11,52229442	57,55925135	11,52186091
13	25	05	06	10	52	43	05		0,10	-0,05	288,86	0,000	-39	-3	-2	-47	-68	-91	-69	-74	-81		176	207	210	223	240	260	190	245	234		57,55924657	11,52187189	57,55908924	11,52265275
14	25	05	06	10	57	46	00		0,06	0,02	336,77	0,000	-14	-2	46	-7	-22	-70	-2	-4	-75		180	224	223	262	250	247	248	234	252		57,55908924	11,52265275	57,55909209	11,52266021
15	25	05	06	11	02	43	05		0,13	0,14	335,03	0,000	18	40	53	26	-7	-65	-9	10	-34		210	211	244	268	252	272	274	250	270		57,55915001	11,52261671	57,55908715	11,52265920
16	25	05	06	11	07	45	03		0,04	0,35	336,23	0,000	51	24	65	60	15	-32	-32	-38	-22		212	217	219	243	249	287	243	260	283		57,55908715	11,52265853	57,55908656	11,52266264
17	25	05	06	11	12	46	00		0,10	0,52	335,52	0,000	13	42	8	61	36	-29	-24	-11	-26		164	229	273	258	254	257	230	236	246		57,55908639	11,52266289	57,55908723	11,52266222
18	25	05	06	11	17	45	06		0,07	0,32	335,48	0,000	34	15	53	32	71	-2	-58	-21	-8		149	200	246	257	236	242	275	221	281		57,55908757	11,52266214	57,55907700	11,52266281
19	25	05	06	11	22	45	03		-0,03	-0,09	301,11	0,000	128	141	147	164	162	117	83	74	100		91	131	179	156	185	196	186	149	157		57,55907684	11,52266306	57,55715654	11,51038801
20	25	05	06	11	27	43	03		-0,26	-0,63	266,28	0,000	64	19	-21	0	-2	-55	-31	-8	16		72	149	208	187	201	182	147	140	139		57,55710147	11,51012574	57,55335166	11,48839524
21	25	05	06	11	32	45	07		-0,25	-0,42	266,40	0,000	-198	38	23	35	95	68	33	70	-1864		-101	3	21	48	97	82	77	63	-590		57,55334839	11,48830237	57,55120003	11,46253330
22	25	05	06	11	37	43	05		-0,24	-0,60	244,83	0,000	-43	-95	-75	-7	58	15	23	-1869	-1425		-150	-96	-57	-51	30	55	28	-1009	-866		57,55118335	11,46244998	57,54288518	11,43209249
23	25	05	06	11	42	44	02		-0,21	-0,52	249,35	0,000	-153	-163	-121	-72	28	-5	-108	-3257			-79	-24	-76	-16	20	69	-26	-1756			57,54283908	11,43192225	57,53733854	11,41143864
24	25	05	06	11	47	43	02		-0,15	-0,41	252,61	0,000	-262	-119	-107	-114	-101	-1	-1100	-2342			-169	-11	6	22	-22	20	-570	-1320			57,53729269	11,41126924	57,53036798	11,38550512
25	25	05	06	11	52	44	07		-0,21	-0,34	250,76	0,000	-241	-91	-60	-68	-19	-113	-2164				-68	52	10	-42	-20	-47	-1139				57,53032004	11,38533614	57,52332265	11,35943916
26	25	05	06	11	57	46	08		-0,19	-0,45	248,11	0,000	-83	-16	-25	-64	-124	-831	-1869				45	80	79	31	-21	-439	-946				57,52327865	11,35927076	57,51656667	11,33391668
27	25	05	06	12	02	45	09		-0,17	-0,36	250,92	0,000	-22	-20	-50	-123	-1033	-974					123	159	101	-4	-569	-495					57,51518928	11,32865243	57,50933334	11,30661665
28	25	05	06	12	07	44	02		-0,21	-0,34	251,00	0,000	-10	58	5	-1229							10	-3	-37	-614							57,50834327	11,30286835	57,50323257	11,28352485
29	25	05	06	12	12	45	00		-0,24	-0,48	248,10	0,000	-34	-76	-1022								89	21	-586								57,50318840	11,28335654	57,49685403	11,25914801
30	25	05	06	12	17	43	03		-0,26	-0,49	246,27	0,000	-258	-738									-48	-333									57,49528334	11,25311664	57,49011054	11,23346955
31	25	05	06	12	22	45	02		-0,27	-0,51	249,63	0,000																					57,49006812	11,23330065	57,48028326	11,20567373
32	25	05	06	12	27	45	06		-0,19	-0,28	245,53	0,000																					57,48028326	11,20567373	57,47286846	11,18565699
33	25	05	06	12	32	44	02		-0,28	-0,04	236,37	0,000	-659										-503										57,47286846	11,18565699	57,46092282	11,15824004
34	25	05	06	12	37	44	02		-0,21	-0,01	232,20	0,000	-577										-780										57,46068335	11,15769999	57,45078139	11,13931580
35	25	05	06	12	42	45	02		-0,16	-0,33	232,83	0,000	154										345										57,45066170	11,13913667	57,44144998	11,12420004
36	25	05	06	12	47	43	04		-0,27	-0,05	225,71	0,000																					57,44124899	11,12384431	57,42660002	11,10015001
37	25	05	06	12	52	46	06		-0,28	-0,29	225,12	0,000																					57,42944660	11,10471983	57,41808333	11,08696670
38	25	05	06	12	57	46	07		-0,15	-0,28	234,79	0,000																					57,41745570	11,08600396	57,40616192	11,06849986
39	25	05	06	13	02	45	02		-0,26	-0,84	240,73	0,000	416										66										57,40612227	11,06843817	57,39573123	11,03996568
40	25	05	06	13	07	43	09		-0,28	-0,81	265,87	0,000																					57,39660001	11,04558332	57,39303335	11,01250003
41	25	05	06	13	12	43	08		-0,18	-0,64	267,49	0,000	279										215										57,39303553	11,01262542	57,39153332	10,98776663
42	25	05	06	13	17	43	06		-0,25	-0,65	268,70	0,000	-56										-29										57,39151664	10,98766663	57,39023505	10,96285251
43	25	05	06	13	22	45	03		-0,17	-0,63	271,14	0,000	-271										157										57,39023505	10,96285251	57,38919997	10,93550001
44	25	05	06	13	27	43	09		-0,06	-0,39	274,06	0,000																					57,38918731	10,93462000	57,38786666	10,91465003
45	25	05	06	13	32	43	05		0,16	-0,04	359,14	0,000																					57,38786666	10,91465003	57,38783330	10,91449999
46	25	05	06	13	37	44	08		0,15	0,27	13,17	0,000																					57,38775359	10,91449304	57,38775099	10,91448499
47	25	05	06	13	42	45	07		0,09	0,55	20,14	0,000																					57,38775166	10,91448482	57,38777060	10,91448650
48	25	05	06	13	47	45	04		-0,09	0,37	85,13	0,000	2184										94										57,38777672	10,91448926	57,38868071	10,93865345
49	25	05	06	13	52	44	01		-0,17	0,65	82,69	0,000	-79										-10										57,38843336	10,93255000	57,38960003	10,96011666
50	25	05	06	13	57	46	02		-0,24	0,75	78,46	0,000	-440										6										57,38962577	10,96063541	57,39139996	10,99398332
51	25	05	06	14	02	43	08		-0,20	0,69	72,97	0,000																					57,39086084	10,98796486	57,39333333	11,01585003
52	25	05	06	14	07	44	04		-0,22	1,12	64,49	0,000																					57,39333333	11,01585003	57,39801320	11,04066993
53	25	05	06	14	12	45	03		-0,21	0,80	31,13	0,000	-25										-529										57,39850002	11,04135004	57,41320004	11,05878331
54	25	05	06	14	17	46	02		-0,21	0,84	20,63	0,000	1054	1198									2423	2437									57,41323331	11,05883335	57,42362645	11,06661502
55	25	05	06	14	22	44	03		-0,26	0,04	313,72	0,000																					57,42362645	11,06661502	57,43266667	11,04953337
56	25	05	06	14	27	46	04		-0,17	-0,82	294,12	0,000																					57,43267824	11,04949214	57,43667289	11,02473702
57	25	05	06	14	32	45	08		-0,25	-0,91	291,08	0,000	1145										-354										57,43688034	11,02347010	57,44171904	10,99360068
58	25	05	06	14	37	47	05		-0,16	-0,83	289,28	0,000																					57,44177411	10,99325418	57,44503333	10,97299998
59	25	05	06	14	42	45	06		-0,20	-0,74	294,40	0,000	99	-124	-523								29	42	202								57,44505001	10,97291666	57,44935085	10,94745881
60	25	05	06	14	47	44	07		-0,17	-0,72	294,12	0,000	1	57	-12	-434	-1604						-23	33	-22	69	428						57,44940257	10,94720257	57,45392351	10,92392905
61	25	05	06	14	52	45	06		0,07	-0,14	345,55	0,000	42	95	35	-34	-183						37	58	68	54	179						57,45395704	10,92365605	57,45609996	10,91705002
62	25	05	06	14	57	46	09		0,10	0,27	342,40	0,000	4	48	16	22	-2						-26	17	-9	-18	17						57,45603215	10,91705547	57,45604103	10,91704524
63	25	05	06	15	02	44	04		0,09	0,21	343,55	0,000	41	28	50	-6	-38						-83	-1	-63	-19	32						57,45604103	10,91704524	57,45618721	10,91693225
64	25	05	06	15	07	45	02		0,03	0,31	358,28	0,000	38	39	79	52	-24						-13	-2	-58	28	893						57,45618336	10,91693334	57,46381802	10,91743793
65	25	05	06	15	12	43	05		-0,19	0,32	0,15	0,000	18	-8	2	24	35	-100					-63	-28	12	29	54	3071					57,46381802	10,91743793	57,47815493	10,91765343
66	25	05	06	15	17	44	08		-0,25	0,40	359,98	0,000	31	25	63	101	-156						-21	-16	-66	30	1214						57,47829859	10,91765469	57,49110002	10,91780003
67	25	05	06	15	22	44	07		-0,20	0,44	0,08	0,000	-73	-46	-51	13	-273						-43	-49	-41	-14	2410						57,49238480	10,91780380	57,50668600	10,91859950
68	25	05	06	15	27	46	05		-0,20	0,59	5,58	0,000	-97	-117	-100	-44	370						-101	-104	-54	-75	2678						57,50678181	10,91862012	57,52106876	10,92196265
69	25	05	06	15	32	45	05		-0,21	0,55	6,21	0,000	-206	-177	-130	-92							-168	-123	-58	691							57,52126113	10,92201026	57,53569996	10,92546671
70	25	05	06	15	37	45	09		-0,18	0,52	5,93	0,000	-203	-212	-195	111							-87	-96	-56	1758							57,53219699	10,92461519	57,54933371	10,92866046
71	25	05	06	15	42	43	01		0,02	0,52	1,38	0,000	-126	-135	-100	40							-61	29	-3	1201							57,54936875	10,92866876	57,55646713	10,92920395
72	25	05	06	15	47	44	00		0,09	0,21	334,48	0,000	-91	-105	-123	1							-44	-76	-37	-5							57,55648624	10,92919515	57,55741957	10,92852082
73	25	05	06	15	52	44	09		0,05	0,23	334,51	0,000	-99	-181	-117	21							-92	-40	-41	20							57,55741806	10,92852015	57,55748335	10,92848335
74	25	05	06	15	57	45	00		0,07	0,18	332,50	0,000	-148	-160	-126	-122							-92	-45	-67	120							57,55748335	10,92848335	57,55754714	10,92807239
75	25	05	06	16	02	47	07		-0,05	-0,20	321,43	0,000	-27	-80	-587								-91	-48	367								57,55746667	10,92831664	57,56624462	10,91031977
76	25	05	06	16	07	45	05		-0,20	-0,47	317,31	0,000	-61	-78	-1249								-19	15	963								57,56631033	10,91018658	57,57618329	10,89014998
77	25	05	06	16	12	45	09		-0,20	-0,44	317,33	0,000	1	46	-1440								-16	-53	1320								57,57391264	10,89473614	57,58368946	10,87512449
78	25	05	06	16	17	43	06		-0,17	-0,29	317,83	0,000	-60	-86	-1251								-70	-110	947								57,58372223	10,87505509	57,59386014	10,85470987
79	25	05	06	16	22	45	08		-0,21	-0,43	316,05	0,000	-204	-242									-56	67									57,59389375	10,85464071	57,60398188	10,83406482
80	25	05	06	16	27	43	05		-0,20	-0,42	316,04	0,000	-120	-380									-2	289									57,60411582	10,83378553	57,61551663	10,81014999
81	25	05	06	16	32	43	06		-0,22	-0,36	326,80	0,000	-183	-578									58	568									57,61436136	10,81250380	57,62545078	10,79575340
82	25	05	06	16	37	44	09		-0,22	-0,28	326,87	0,000	-114	-777									89	914									57,62557324	10,79559146	57,64067844	10,77395576
83	25	05	06	16	42	46	05		-0,21	-0,48	320,77	0,000	-118	-966									72	969									57,64075018	10,77382475	57,65124810	10,75336075
