"Series Data"
"D:\ADCP08\drive-download-20250519T090248Z-1-001\OC4920_2025_3_20250508T091142_004_000000.LTA"
"Broadband 153.6 kHz"
"Pings/Ens ="	77
"Time/Ping = 00:00.00"
"First Ensemble Date = 25/05/08"
"First Ensemble Time = 09:12:21.07"
"Ensemble Interval (s) = "	300,01
"1st Bin Range (m) = "	12,23
"Bin Size (m) ="	4,00


Ens	YR	MO	DA	HH	MM	SS	HH		"Eas"	"Eas"	"Eas"	"Eas"	"Eas"	"Eas"	"Eas"	"Eas"	"Eas"	"Eas"	"Eas"	"Eas"	"Eas"	"Eas"	"Eas"	"Eas"	"Eas"	"Eas"	"Eas"	"Eas"	"Nor"	"Nor"	"Nor"	"Nor"	"Nor"	"Nor"	"Nor"	"Nor"	"Nor"	"Nor"	"Nor"	"Nor"	"Nor"	"Nor"	"Nor"	"Nor"	"Nor"	"Nor"	"Nor"	"Nor"	"Mag"	"Mag"	"Mag"	"Mag"	"Mag"	"Mag"	"Mag"	"Mag"	"Mag"	"Mag"	"Mag"	"Mag"	"Mag"	"Mag"	"Mag"	"Mag"	"Mag"	"Mag"	"Mag"	"Mag"	"Dir"	"Dir"	"Dir"	"Dir"	"Dir"	"Dir"	"Dir"	"Dir"	"Dir"	"Dir"	"Dir"	"Dir"	"Dir"	"Dir"	"Dir"	"Dir"	"Dir"	"Dir"	"Dir"	"Dir"	    "FLat"	    "FLon"	    "LLat"	    "LLon"
									"mm/s"	"mm/s"	"mm/s"	"mm/s"	"mm/s"	"mm/s"	"mm/s"	"mm/s"	"mm/s"	"mm/s"	"mm/s"	"mm/s"	"mm/s"	"mm/s"	"mm/s"	"mm/s"	"mm/s"	"mm/s"	"mm/s"	"mm/s"	"mm/s"	"mm/s"	"mm/s"	"mm/s"	"mm/s"	"mm/s"	"mm/s"	"mm/s"	"mm/s"	"mm/s"	"mm/s"	"mm/s"	"mm/s"	"mm/s"	"mm/s"	"mm/s"	"mm/s"	"mm/s"	"mm/s"	"mm/s"	"mm/s"	"mm/s"	"mm/s"	"mm/s"	"mm/s"	"mm/s"	"mm/s"	"mm/s"	"mm/s"	"mm/s"	"mm/s"	"mm/s"	"mm/s"	"mm/s"	"mm/s"	"mm/s"	"mm/s"	"mm/s"	"mm/s"	"mm/s"	"deg"	"deg"	"deg"	"deg"	"deg"	"deg"	"deg"	"deg"	"deg"	"deg"	"deg"	"deg"	"deg"	"deg"	"deg"	"deg"	"deg"	"deg"	"deg"	"deg"	     "deg"	     "deg"	     "deg"	     "deg"
									1	2	3	4	5	6	7	8	9	10	11	12	13	14	15	16	17	18	19	20	1	2	3	4	5	6	7	8	9	10	11	12	13	14	15	16	17	18	19	20	1	2	3	4	5	6	7	8	9	10	11	12	13	14	15	16	17	18	19	20	1	2	3	4	5	6	7	8	9	10	11	12	13	14	15	16	17	18	19	20

1	25	05	08	09	12	21	07		123	179	217	250	357	326	325	283	228	251	169	213	194	148	131	60	44	-76	-2	188	-774	-125	-259	-136	150	-40	-96	-108	-205	-229	-251	-373	-416	-456	-503	-458	-532	-382	-172	-454	784	218	338	285	387	328	339	303	307	340	303	430	459	479	520	462	534	389	172	491	171,00	124,90	140,00	118,50	67,20	97,00	106,50	110,90	132,00	132,40	146,00	150,30	155,00	162,00	165,40	172,50	175,30	191,30	180,70	157,50	57,72066761	10,60053024	57,71685820	10,59708470
2	25	05	08	09	17	23	04																																																																																		57,71677287	10,59690876	57,71297956	10,60834369
3	25	05	08	09	22	23	08																																																																																		57,71298476	10,60842516	57,71544887	10,63825317
4	25	05	08	09	27	23	07																																																																																		57,71568331	10,64176669	57,71734385	10,66909824
5	25	05	08	09	32	24	01		1156																				389																				1220																				71,40																				57,71734385	10,66909824	57,71956665	10,69891669
6	25	05	08	09	37	22	06		366																				257																				447																				54,90																				57,72024290	10,70770604	57,72301664	10,73306666
7	25	05	08	09	42	24	05		260	1016																			338	1337																			426	1679																			37,60	37,20																			57,72241658	10,73113329	57,73492154	10,75365999
8	25	05	08	09	47	22	09		158	60	1058																		335	257	1171																		370	264	1578																		25,30	13,10	42,10																		57,73487996	10,75358723	57,74708334	10,77508329
9	25	05	08	09	52	22	04		121	118	64	669	1292																347	301	148	830	1537																367	323	161	1066	2008																19,20	21,40	23,40	38,90	40,10																57,74739943	10,77562460	57,75896670	10,79645002
10	25	05	08	09	57	24	04		134	152	121	129	205	1651															286	285	189	127	159	1710															316	323	224	181	259	2377															25,10	28,10	32,60	45,40	52,20	44,00															57,75899998	10,79651666	57,77281671	10,82340002
11	25	05	08	10	02	23	02		17	49	143	49	121	229	1041	2176													308	327	311	161	90	82	1026	1895													308	331	342	168	151	243	1462	2885													3,20	8,50	24,70	16,90	53,40	70,30	45,40	48,90													57,77091117	10,81964635	57,78286527	10,84348449
12	25	05	08	10	07	24	08		-11	58	76	-45	65	163	319	4363													272	307	287	194	178	199	195	298													272	312	297	199	189	257	374	4373													357,70	10,70	14,80	346,90	20,10	39,30	58,60	86,10													57,78302000	10,84379654	57,78512612	10,87369664
13	25	05	08	10	12	22	00		53	38	25	-22	26	159	1171	3171													209	295	273	193	167	216	251	160													216	297	274	194	169	268	1198	3175													14,20	7,30	5,20	353,50	8,80	36,40	77,90	87,10													57,78513023	10,87390459	57,78558335	10,90353336
14	25	05	08	10	17	24	06		184	114	79	83	4	74	315	3013													362	390	316	302	199	182	340	2485													406	406	326	313	199	196	463	3906													26,90	16,30	14,00	15,40	1,20	22,10	42,80	50,50													57,78558335	10,90363336	57,79481417	10,92918727
15	25	05	08	10	22	24	09		200	16	68	85	51	30	10	2062													467	406	333	282	219	251	313	2398													508	406	340	295	225	253	313	3163													23,20	2,30	11,50	16,80	13,10	6,80	1,80	40,70													57,79485206	10,92926170	57,80657072	10,95173517
16	25	05	08	10	27	25	07		113	47	81	81	133	45	83	803	2163												386	400	306	301	369	317	361	1167	2576												402	403	317	312	392	320	370	1417	3364												16,30	6,70	14,80	15,10	19,80	8,10	12,90	34,50	40,00												57,80623334	10,95111667	57,81794571	10,97199767
17	25	05	08	10	32	21	09		170	106	10	9	-9	36	26	50	2821												540	342	266	264	302	309	346	418	3365												566	358	266	264	302	311	347	421	4391												17,50	17,20	2,20	2,00	358,30	6,60	4,30	6,80	40,00												57,81798578	10,97206724	57,83076667	10,99388332
18	25	05	08	10	37	23	05		77	-16	-78	-59	-54	30	-80	-102	1971	1194											420	370	318	278	311	359	408	398	2561	1285											427	370	327	284	316	360	416	411	3232	1754											10,40	357,50	346,20	348,00	350,10	4,80	348,90	345,60	37,60	42,90											57,83080003	10,99395004	57,84178217	11,01215713
19	25	05	08	10	42	22	02		89	-132	-77	-140	-96	-105	-196	-233	399	2274											553	320	310	280	283	400	414	306	992	2937											560	346	319	313	299	414	458	385	1069	3714											9,10	337,60	346,10	333,40	341,30	345,30	334,70	322,70	21,90	37,70											57,84241492	11,01321492	57,85729263	11,03694493
20	25	05	08	10	47	24	02		82	-88	-91	-97	-129	-164	-240	-330	-231	2498											407	257	302	233	275	321	391	327	329	3237											415	272	315	252	304	360	459	465	402	4089											11,40	341,10	343,20	337,40	334,90	332,90	328,50	314,70	324,90	37,70											57,85737553	11,03707426	57,86965778	11,05615483
21	25	05	08	10	52	23	05		270	-27	-96	-69	-125	-148	-230	-323	-350	381	2284										547	252	208	180	250	316	306	282	256	1074	2895										610	253	229	193	280	349	383	429	434	1140	3688										26,30	353,90	335,20	339,00	333,40	334,90	323,10	311,10	306,20	19,50	38,30										57,86970162	11,05621593	57,88267035	11,07597367
22	25	05	08	10	57	22	07		31	-50	-89	-109	-115	-201	-281	-244	-191	-96	944	1198									353	170	37	96	210	202	199	183	134	334	907	854									354	177	96	145	239	285	344	305	233	348	1309	1471									5,00	343,60	292,60	311,40	331,30	315,10	305,30	306,90	305,10	344,00	46,10	54,50									57,88242241	11,07556807	57,89201668	11,09136670
23	25	05	08	11	02	25	00		73	-107	-131	-61	-175	-184	-189	-184	-109	-23	133	1008									278	98	6	89	123	79	26	62	158	167	155	751									287	145	131	108	214	200	191	194	192	169	204	1257									14,70	312,50	272,60	325,60	305,10	293,20	277,80	288,60	325,40	352,20	40,60	53,30									57,89205004	11,09141666	57,90226665	11,11334606
24	25	05	08	11	07	21	07		195	-31	-96	0	-21	-69	-123	-92	-82	-107	-92	43									330	148	143	114	171	158	118	156	212	125	127	906									383	151	172	114	172	172	170	181	227	165	157	907									30,60	348,20	326,10	0,00	353,00	336,40	313,80	329,50	338,90	319,40	324,10	2,70									57,90229264	11,11340725	57,90836667	11,11889999
25	25	05	08	11	12	23	00		270	97	-18	58	24	-7	-48	-72	-134	-57	-103	-82	35								130	80	107	100	161	97	98	84	123	137	110	39	9								300	126	109	116	163	97	109	111	182	148	151	91	36								64,30	50,50	350,50	30,10	8,50	355,90	333,90	319,40	312,50	337,40	316,90	295,40	75,60								57,90974750	11,11911817	57,91046667	11,12034998
26	25	05	08	11	17	22	09		28	-132	-136	-32	-85	-151	-234	-175	-148	-162	-136	-54	-1								188	91	100	106	110	36	-24	-19	59	36	1	-85	-100								190	160	169	111	139	155	235	176	159	166	136	101	100								8,50	304,60	306,30	343,20	322,30	283,40	264,10	263,80	291,70	282,50	270,40	212,40	180,60								57,91049684	11,12040253	57,91006174	11,12092087
27	25	05	08	11	22	25	08		13	-140	-137	-72	-64	-130	-168	-169	-157	-168	-141	-64	-20								220	117	47	94	98	35	-54	28	70	46	-16	-39	26								220	182	145	118	117	135	176	171	172	174	142	75	33								3,40	309,90	288,90	322,50	326,90	285,10	252,20	279,40	294,00	285,30	263,50	238,60	322,40								57,91005822	11,12092481	57,91027590	11,12131147
28	25	05	08	11	27	26	03		105	-64	-118	-48	-58	-115	-134	-182	-171	-92	-127	-88	-28								229	153	119	180	157	75	34	19	22	43	-14	1	22								252	166	168	186	167	137	138	183	172	102	128	88	36								24,60	337,30	315,20	345,10	339,70	303,10	284,20	276,00	277,30	295,10	263,70	270,70	308,20								57,91005000	11,12106663	57,91100001	11,12215066
29	25	05	08	11	32	23	09		110	-96	-148	-46	-26	-87	-114	-126	-93	-19	-113	-61	-71								208	119	130	136	145	99	41	-12	38	102	11	-10	-1								235	153	197	144	147	132	121	127	100	104	114	62	71								27,90	321,10	311,30	341,30	349,80	318,70	289,80	264,60	292,20	349,40	275,60	260,70	269,20								57,91091669	11,12210004	57,91164634	11,12306295
30	25	05	08	11	37	24	05		16	-139	-159	-66	-54	-128	-150	-199	-167	-203	-134	-64	-35								198	88	65	98	130	51	-8	-4	19	41	-43	-11	23								199	165	172	118	141	138	150	199	168	207	141	65	42								4,60	302,30	292,20	326,00	337,40	291,70	266,90	268,80	276,50	281,40	252,20	260,20	303,30								57,91165346	11,12307284	57,91256282	11,12420867
31	25	05	08	11	42	22	03		-4	-79	-140	-50	-32	-78	-167	-168	-156	-123	-131	-55	-20								204	136	135	123	106	43	23	9	40	65	41	-33	5								204	157	194	133	111	89	169	168	161	139	137	64	21								358,90	329,80	314,00	337,90	343,20	298,90	277,80	273,10	284,40	297,90	287,40	239,00	284,00								57,91254622	11,12418579	57,91326178	11,12507586
32	25	05	08	11	47	21	07		87	-103	-86	-6	-30	-76	-141	-180	-137	-121	-128	17	101								172	160	171	165	145	121	78	58	33	70	54	-88	-120								193	190	191	165	148	143	161	189	141	140	139	90	157								26,80	327,20	333,30	357,90	348,30	327,90	299,00	287,90	283,50	300,00	292,90	169,10	139,90								57,91303329	11,12480002	57,91225151	11,12688610
33	25	05	08	11	52	23	08		240	-92	-96	-66	-84	-124	-131	-185	-104	-40	372	1100									87	182	211	149	72	47	-32	6	14	-86	-352	-411									255	204	232	163	111	133	135	185	105	95	512	1174									70,10	333,20	335,50	336,10	310,60	290,80	256,30	271,90	277,70	204,90	133,40	110,50									57,91219569	11,12700303	57,90555119	11,14105630
34	25	05	08	11	57	22	03		87	-102	-98	-29	-54	-77	-130	-92	-23	526	2725										165	234	214	239	151	71	62	53	36	-468	-2367										187	255	235	241	160	105	144	106	43	704	3609										27,80	336,40	335,40	353,10	340,30	312,70	295,50	299,90	327,40	131,70	131,00										57,90507467	11,14205576	57,89458456	11,16239780
35	25	05	08	12	02	24	02		28	-47	-65	-34	-74	-68	-128	-38	38	2078	908										158	177	291	225	142	132	57	-11	-111	-2697	-1413										160	183	298	228	160	148	140	40	117	3405	1680										10,00	345,10	347,40	351,40	332,50	332,70	294,00	253,90	161,10	142,40	147,30										57,89462093	11,16232881	57,88264864	11,18003349
36	25	05	08	12	07	21	09		-24	5	-32	59	64	7	7	-30	112	2106											256	197	236	243	223	134	4	-92	-174	-3471											257	197	238	250	232	134	8	97	207	4060											354,60	1,50	352,30	13,60	16,00	3,00	60,30	198,10	147,20	148,80											57,88284997	11,17979997	57,86689997	11,19778334
37	25	05	08	12	12	23	07		-6	43	-23	96	51	20	-80	-104	-9	2198											168	187	170	232	248	151	54	-57	-61	-3459											168	192	172	251	253	152	97	119	62	4098											358,00	12,90	352,30	22,50	11,60	7,50	304,00	241,30	188,40	147,60											57,86604996	11,19868331	57,85569504	11,20969017
38	25	05	08	12	17	22	08		-116	-31	-53	-1	60	16	-66	-26	-13	2175											166	46	53	183	222	189	69	-9	-112	-3501											203	55	75	183	230	190	95	28	113	4122											325,10	326,00	315,00	359,70	15,10	4,80	316,30	250,90	186,60	148,10											57,85560569	11,20978765	57,84041667	11,22606665
39	25	05	08	12	22	24	03		-64	6	-103	-4	40	73	28	-12	45	876	479										80	47	139	212	213	172	6	-90	-276	-1320	-707										102	47	173	212	217	187	29	91	280	1584	854										321,30	7,30	323,50	358,90	10,60	23,00	77,90	187,60	170,70	146,40	145,90										57,84179851	11,22459562	57,82728332	11,24013333
40	25	05	08	12	27	23	02		-51	-32	-45	19	86	139	87	61	66	285	657										78	-3	107	162	147	114	-45	-77	-216	-417	-947										93	32	116	163	170	180	98	98	226	505	1153										326,80	264,60	337,20	6,70	30,30	50,60	117,30	141,60	163,00	145,60	145,20										57,82728332	11,24013333	57,81467132	11,25384511
41	25	05	08	12	32	22	09		-25	-7	3	38	156	255	143	39	-26	71	1476										-4	-14	109	150	129	-23	-17	-45	-58	-141	-2690										25	16	109	155	202	256	144	60	64	158	3068										260,90	206,60	1,60	14,20	50,40	95,20	96,80	139,10	204,10	153,30	151,20										57,81456663	11,25396665	57,80096666	11,26826668
42	25	05	08	12	37	22	06		-13	-40	-12	67	193	185	174	108	-16	28	442	1621									-16	78	187	177	61	175	144	36	64	-68	-645	-2811									21	88	187	189	202	255	226	114	66	74	782	3245									219,10	332,90	356,30	20,70	72,50	46,60	50,40	71,60	346,00	157,60	145,60	150,00									57,80096666	11,26826668	57,78295001	11,28671668
43	25	05	08	12	42	24	04		-22	-48	27	106	142	168	215	208	57	54	45	204	726								6	124	121	60	99	242	251	150	19	-12	-62	-686	-2119								23	133	124	122	173	295	330	256	60	55	77	716	2240								285,30	338,80	12,60	60,50	55,10	34,80	40,60	54,20	71,60	102,50	144,00	163,40	161,10								57,78649924	11,28307792	57,77021664	11,29956664
44	25	05	08	12	47	25	04		-35	-28	62	92	30	61	60	208	99	-18	-35	32	43	483	565						46	64	27	-8	172	234	283	148	-113	-54	19	22	-129	-1265	-1365						58	70	68	92	175	242	289	255	150	57	40	39	136	1354	1477						322,70	336,40	66,50	95,00	9,90	14,60	12,00	54,60	138,80	198,40	298,50	55,50	161,60	159,10	157,50						57,77239267	11,29737150	57,75550573	11,31514826
45	25	05	08	12	52	24	07		-110	-72	-14	-44	-47	-2	7	189	99	20	-74	-63	-52	-45	110	438	526				-7	-36	-30	47	170	156	221	-16	4	0	-1	-51	-29	-52	-290	-902	-1070				110	80	33	64	176	156	221	190	99	20	74	81	60	69	310	1003	1192				266,40	243,40	205,00	316,90	344,50	359,30	1,80	94,80	87,70	90,00	269,20	231,00	240,90	220,90	159,20	154,10	153,80				57,75783498	11,31263972	57,74446811	11,32717730
46	25	05	08	12	57	22	08		-122	-94	-125	-140	-88	-32	-5	138	115	62	-30	-51	-2	-79	-45	5	363	544			-67	-76	-13	78	129	112	172	-50	27	70	10	-25	-99	-45	-25	-120	-638	-1036			139	121	126	160	156	116	172	147	118	94	32	57	99	91	51	120	734	1170			241,20	231,00	264,10	299,10	325,70	344,10	358,30	109,90	76,80	41,50	288,40	243,90	181,20	240,30	240,90	177,60	150,40	152,30			57,74433274	11,32732381	57,73250001	11,33998333
47	25	05	08	13	02	25	02		-97	-217	-197	-164	-66	-10	-52	31	88	30	23	26	20	-14	55	35	124	693	376		-286	-70	20	73	104	55	118	41	59	134	65	-5	-71	-102	-112	-71	-194	-1147	-842		302	228	198	180	123	56	129	51	106	137	69	26	74	103	125	79	230	1340	922		198,70	252,10	275,80	294,00	327,60	349,70	336,20	37,10	56,20	12,60	19,50	100,90	164,30	187,80	153,80	153,80	147,40	148,90	155,90		57,73241669	11,34008333	57,71795003	11,35488334
48	25	05	08	13	07	22	03		-262	-198	-141	-73	-53	-74	-55	18	22	18	-12	-9	11	1	55	0	336	1403	556		-114	-21	44	71	34	73	103	20	111	102	147	62	30	-96	-77	-55	-510	-2538	-1073		286	199	148	102	63	104	117	27	113	104	147	63	32	96	95	55	611	2900	1208		246,50	263,90	287,30	314,20	302,70	314,60	331,90	42,00	11,20	10,00	355,30	351,70	20,10	179,40	144,50	180,00	146,60	151,10	152,60		57,71753336	11,35527939	57,70369895	11,36899729
49	25	05	08	13	12	24	02		-222	-179	-111	-102	-78	-54	-115	36	-22	-65	-54	-55	-45	-28	13	8	-46	447	1457		-16	46	58	40	38	27	93	-4	92	155	117	108	82	30	15	-1	35	-698	-2597		223	185	125	110	87	60	148	36	95	168	129	121	94	41	20	8	58	829	2978		265,90	284,40	297,60	291,40	296,00	296,60	309,00	96,30	346,60	337,20	335,20	333,00	331,20	317,00	40,90	97,10	307,30	147,40	150,70		57,70365193	11,36904356	57,68955616	11,38323194
50	25	05	08	13	17	22	09		-152	-115	-72	-85	-61	-50	-116	-79	-62	-76	-95	-57	-80	-23	-24	-54	-74	994	1280		47	67	62	6	65	70	86	-4	37	103	91	55	60	32	9	57	134	-1456	-1984		159	133	95	85	89	86	144	79	72	128	132	79	100	39	26	79	153	1763	2361		287,20	300,20	310,70	274,00	316,80	324,50	306,60	267,10	300,80	323,60	313,80	314,00	306,90	324,30	290,60	316,50	331,10	145,70	147,20		57,68955616	11,38323194	57,67288221	11,40080594
51	25	05	08	13	22	22	00		-102	-93	-72	-96	-73	-48	-94	-22	-49	-58	-52	-77	-47	-63	-75	-59	247	1463	609		43	37	43	48	49	28	73	-42	57	81	78	76	63	17	69	89	-402	-2594	-988		111	100	84	107	88	56	119	47	75	100	94	108	79	65	102	107	472	2978	1161		292,90	291,70	300,80	296,60	303,90	300,30	307,80	207,60	319,30	324,40	326,30	314,60	323,30	285,10	312,60	326,50	148,40	150,60	148,40		57,67283703	11,40085355	57,66041664	11,41398330
52	25	05	08	13	27	21	07		-45	-75	-47	-35	-32	-49	-20	-45	7	43	23	28	-2	-9	-61	-64	779	868			79	121	72	89	68	76	121	136	88	66	78	74	62	103	156	69	-1759	-1609			91	142	86	96	75	90	123	143	88	79	81	79	62	103	168	94	1924	1828			330,30	328,20	326,90	338,50	334,80	327,20	350,60	341,70	4,50	33,10	16,40	20,70	358,20	355,00	338,60	317,20	156,10	151,70			57,66036669	11,41403334	57,64603330	11,42908330
53	25	05	08	13	32	25	04		-83	-85	-56	-28	-77	-66	18	63	27	12	-11	18	30	-8	-15	207	1224	520			147	113	89	56	79	94	57	29	33	69	79	54	92	117	144	-359	-2454	-980			169	141	105	63	110	115	60	69	43	70	80	57	97	117	145	414	2742	1109			330,50	323,00	327,80	333,40	315,70	324,90	17,50	65,30	39,30	9,90	352,10	18,40	18,10	356,10	354,10	150,00	153,50	152,00			57,64598334	11,42913334	57,63583202	11,43975380
54	25	05	08	13	37	24	02		-70	-73	-73	-91	-60	-87	-48	-2	-31	-25	-39	10	53	16	182	438	373				100	69	113	101	84	78	63	-21	-8	37	54	65	52	1	-269	-1108	-769				122	100	135	136	103	117	79	21	32	45	67	66	74	16	325	1191	855				325,00	313,40	327,10	318,00	324,50	311,90	322,70	185,40	255,50	326,00	324,20	8,70	45,50	86,40	145,90	158,40	154,10				57,63541670	11,44019997	57,62241586	11,45384822
55	25	05	08	13	42	21	08		-150	-152	-153	-133	-116	-130	-114	-63	-114	-50	-46	-42	-53	13	274	380					134	140	99	145	108	81	50	-19	32	20	21	-34	-33	-86	-991	-849					201	207	182	197	158	153	124	66	118	54	51	54	62	87	1028	930					311,80	312,60	302,90	317,50	313,00	301,90	293,70	253,20	285,70	291,80	294,50	231,00	238,10	171,40	164,50	155,90					57,62246012	11,45380128	57,60938091	11,46793032
56	25	05	08	13	47	23	04		-186	-161	-114	-117	-56	-38	-80	-83	-69	-23	-43	-16	21	10	193	463					171	137	161	158	125	109	125	-3	58	26	23	14	-5	10	-291	-836					253	211	197	197	137	115	148	83	90	35	49	21	22	14	349	956					312,60	310,40	324,70	323,50	335,90	340,80	327,40	267,90	310,00	318,50	298,10	311,20	103,40	45,00	146,40	151,00					57,60924798	11,46807684	57,59575638	11,48309511
57	25	05	08	13	52	24	07		-47	-58	-47	-25	-13	-6	-17	-38	1	1	6	31	9	208	389						138	155	128	107	106	60	93	110	78	77	-21	8	-23	-323	-716						146	165	136	110	107	60	95	116	78	77	22	32	25	384	815						341,20	339,50	339,80	346,80	353,00	354,30	349,60	340,90	0,70	0,70	164,10	75,50	158,60	147,20	151,50						57,59566778	11,48319653	57,57899970	11,50209705
58	25	05	08	13	57	24	09		-1	-37	-37	-25	-59	-28	-3	-14	2	-14	-4	44	161	1388							63	80	83	122	149	134	108	123	120	99	70	-14	-116	-1771							63	88	91	125	160	137	108	124	120	100	70	46	198	2250							359,10	335,20	336,00	348,40	338,40	348,20	358,40	353,50	1,00	352,00	356,70	107,70	125,80	141,90							57,57895427	11,50214919	57,56896790	11,51346275
59	25	05	08	14	02	24	06		-20	-17	-75	-57	-80	-170	-127	-129	-51	-72	-34	-23	393	400							23	-21	-1	10	6	36	95	97	6	-2	-13	34	-643	-571							30	27	75	58	80	174	159	161	51	72	36	41	754	697							319,00	219,00	269,20	280,00	274,30	282,00	306,80	306,90	276,70	268,40	249,10	325,90	148,60	145,00							57,56883010	11,51361396	57,55909997	11,52248335
60	25	05	08	14	07	22	09		26	2	9	-66	-99	-53	-23	-66	-54	-28	-8	6	34	29							80	15	81	96	98	172	224	127	101	108	76	61	-13	-61							84	15	81	116	139	180	225	143	115	112	76	61	36	68							18,00	7,60	6,30	325,50	314,70	342,90	354,10	332,50	331,90	345,50	354,00	5,60	110,90	154,60							57,55908136	11,52267094	57,55898547	11,52337560
61	25	05	08	14	12	24	08		22	39	14	3	-45	-27	-13	10	9	-23	23	31	-19	8							16	52	100	135	126	140	218	152	103	92	91	52	41	-42							27	65	101	135	134	143	218	152	103	95	94	61	45	43							54,00	36,90	8,00	1,30	340,30	349,10	356,60	3,80	5,00	346,00	14,20	30,80	335,10	169,20							57,55898614	11,52337711	57,55908337	11,52323336
62	25	05	08	14	17	22	06		-4	-37	-13	-9	-97	-58	-51	-23	-43	1	0	7	-77	-123							54	27	59	88	97	143	194	145	87	113	54	28	-31	-95							54	46	60	88	137	154	201	147	97	113	54	29	83	155							355,80	306,10	347,60	354,20	315,00	337,90	345,30	351,00	333,70	0,50	0,00	14,00	248,10	232,30							57,55899981	11,52331081	57,55868331	11,52321668
63	25	05	08	14	22	23	00		45	43	30	-25	-30	-19	-50	-15	-12	1	-15	-8	-285	-691							46	-1	32	72	139	173	175	163	127	115	91	73	388	1083							64	43	44	76	142	174	182	164	128	115	92	73	481	1285							44,40	91,30	43,20	340,90	347,80	353,70	344,10	354,70	354,60	0,50	350,60	353,70	323,70	327,50							57,55894382	11,52164231	57,56995588	11,51563928
64	25	05	08	14	27	22	04		24	7	-14	-7	-13	-31	-17	-23	2	-19	5	57	52	-768	-614						82	106	98	140	129	173	174	159	120	147	163	100	-32	1542	1472						85	106	99	140	130	176	175	161	120	148	163	115	61	1723	1595						16,30	3,80	351,90	357,10	354,20	349,80	354,40	351,80	1,00	352,60	1,80	29,70	121,60	333,50	337,40						57,57010130	11,51555101	57,58096668	11,51063335
65	25	05	08	14	32	23	03		-137	-97	-62	-21	22	13	26	6	25	39	33	5	-22	-201	-434						198	112	144	162	146	117	105	171	144	85	123	135	259	733	1689						241	148	157	163	148	118	108	171	146	94	127	135	260	760	1744						325,30	319,10	336,70	352,60	8,60	6,30	13,90	2,00	9,80	24,60	15,00	2,10	355,10	344,70	345,60						57,58135434	11,51062313	57,60088468	11,51205861
66	25	05	08	14	37	25	01		-83	-65	-72	-92	-62	-73	-23	-56	-33	-1	-22	159	305	280							111	114	91	130	150	160	136	95	47	80	339	943	1047	1081							139	131	116	159	162	176	138	110	57	80	340	956	1091	1117							323,20	330,30	321,60	324,70	337,50	335,50	350,40	329,50	324,90	359,30	356,30	9,60	16,20	14,50							57,60093698	11,51207026	57,61460862	11,52224137
67	25	05	08	14	42	23	00		-23	-21	-6	-14	-66	-59	-31	26	-7	215	912										21	104	65	58	96	94	139	138	104	498	1642										31	106	65	60	116	111	142	140	104	542	1878										312,40	348,60	354,70	346,40	325,50	327,90	347,40	10,70	356,10	23,40	29,00										57,61495932	11,52267136	57,62478333	11,53466024
68	25	05	08	14	47	24	07		10	-45	-9	27	-63	-52	-56	29	1348	566											147	61	101	120	103	53	50	83	1781	656											147	76	101	123	121	74	75	88	2234	866											3,90	323,60	354,90	12,70	328,50	315,50	311,80	19,30	37,10	40,80											57,62531290	11,53529425	57,63683919	11,55313572
69	25	05	08	14	52	23	04		20	-13	2	88	707	1053															29	8	26	-58	85	359															35	15	26	105	712	1113															34,60	301,60	4,40	123,40	83,10	71,20															57,63680734	11,55306129	57,64070467	11,57925675
70	25	05	08	14	57	23	00		72	503	461	1123																	-62	-107	-310	-116																	95	514	556	1129																	130,70	102,00	123,90	95,90																	57,64033335	11,58300002	57,63748107	11,61482234
71	25	05	08	15	02	22	01		-127	-3	330	906																	22	46	12	-93																	129	46	330	911																	279,80	356,30	87,90	95,90																	57,63793336	11,60878334	57,63752357	11,63676021
72	25	05	08	15	07	22	00		-113	-68	-3	490	841																23	-8	-3	-1	291																115	68	4	490	890																281,50	263,30	225,00	90,10	70,90																57,63752743	11,63695483	57,63835003	11,65031668
